1
2
3
4
5
6
7
8
9
10
14
15
16
17
18
20
21
22
23
24
25
26
27
28
32
33
34
35
36
38
40
42
47
48
49
50
51
52
53
54
55
56
57
58
59
60
61
62
63
64
65
66
67
68
69
71
72
73
75
76
77
78
79
80
81
82
85
87
90
91
93
94
96
97
98
99
101
103
104
106
107
111
114
116
118
119
120
121
123
124
125
127
128
129
142
149
150
153
156
172
178
183
189
195
208
226
229
230
232
259
298
299
307
310
312
314
318
329
332
335
342
354
394
395
398
410
412
426
432
434
449
461
471
478
484
535
542
571
573
574
575
576
578
581
582
583
584
585
586
588
589
598
599
600
601
602
604
605
606
607
608
609
610
611
612
613
614
615
616
619
621
622
626
629
631
632
633
636
637
639
640
643
644
649
656
664
687
689
693
694
712
714
729
736
737
741
745
748
773
792
796
827
854
860
863
901
1034
1036
1076

11
19
29
113
115
169
278
301
316
317
321
324
325
338
341
357
369
372
377
381
383
384
386
388
389
396
400
402
405
419
422
423
425
429
431
435
444
451
460
464
467
468
476
477
479
482
489
494
524
543
625
810
811
1049
1065
1074

12
13
30
74
84
88
89
95
105
108
109
110
112
117
126
688

31
37
39
41
43
44
45
46
70
83
86
92
100
102
305
309
315
320
326
327
328
331
334
340
344
345
351
355
360
362
365
370
371
375
376
380
382
391
392
393
403
404
408
421
424
433
436
439
440
441
519
528
591

130
131
132
133
134
135
136
137
138
139
140
141
143
144
145
146
147
148
151
152
154
155
157
158
159
160
162
163
164
165
166
167
168
170
171
173
174
175
177
179
180
181
182
184
185
186
187
188
190
191
192
193
194
196
197
198
199
200
201
202
203
204
205
206
207
209
210
211
212
213
214
215
216
217
218
219
220
221
222
223
224
225
227
228
231
233
234
235
236
237
238
239
242
246
247
249
251
252
253
257
261
263
264
265
266
267
268
269
270
272
273
276
277
280
281
282
283
284
285
286
287
288
289
290
291
292
293
294
302
303
311
313
319
322
323
330
333
343
348
349
352
359
361
364
366
367
368
373
374
378
379
385
387
390
399
407
409
411
414
417
418
427
437
446
447
448
452
453
455
456
457
458
459
462
463
465
469
470
474
475
486
488
510
511
518
521
522
525
549
551
552
560
561
562
617
618
620
623
628
630
634
645
647
648
650
655
666
672
679
686
690
691
692
717
728
746
747
750
758
761
762
763
765
768
769
772
775
776
777
779
782
783
785
787
788
789
790
808
835
844
851
875
878
892
899
902
904
906
1067
1079

161

176
274
700
730
731
732
733
735
740
744
752
754
755
756
757
759
760
764
766
767
770
771
774
778
780
784
786
791
795
797
800
802
803
804
805
806
807
855
856
869
884
916
921
925
926
927
928
930
938
940
945
947
949
951
952
953
958
961
962
963
964
965
967
972
975
977
979
980
982
983
984
986
990
993
1051

240
241
243
244
245
248
250
254
255
256
258
260
262
271
275
279
295
296
297
300
304
306
308
337
339
346
347
350
353
363
397
401
406
413
416
420
428
430
438
442
443
445
450
454
466
472
473
480
481
483
487
490
491
492
493
495
496
497
498
499
500
501
502
503
504
505
506
507
508
509
512
513
514
515
516
517
533
534
597
624
635
638
642
651
652
653
654
657
658
659
660
661
662
663
665
667
668
669
670
671
673
674
675
676
677
678
681
682
684
685
695
696
697
698
699
701
702
703
704
705
706
707
709
710
713
715
721
725
734
749
753
793
809
816
883
917
929
1014
1016
1048
1082
1092
1093

336
356
415
711
716
742
1095

485
520
523
526
527
529
530
531
532
536
537
538
539
540
541
544
545
546
547
554
555
556
557
559
563
566
567
568
569
570
572
577
579
580
592
593
594
627
738
909
1045
1086

548
587
590
718

550
553
558
641

564
565
595
596

646
751
781
794
798
799
801
812
815
823
831
839
840
841
842
845
846
848
849
853
861
877
880
885
886
887
888
890
894
895
896
897
898
903
907
910
911
912
915
923
931
932
934
935
937
939
941
942
948
954
955
956
957
959
960
968
969
970
971
973
976
978
981
985
987
991
996
997
1001
1002
1004
1010
1018
1021
1024
1026
1029
1032
1044
1050
1057
1059
1060

680
683
708
719
720
722
723
724
726
727
814
836
871
900
908
913
914
918
919
920
922
924
933
936
946
950
966
974
989
992
994
1000
1008
1009
1017
1055
1056
1058
1061
1064
1069
1070
1073
1089
1091
1094

603
739
743

358
813
817
818
819
820
821
822
824
825
826
828
829
830
832
833
834
837
838
843
847
850
857
858
859
862
864
866
867
868
870
872
873
874
876
879
881
882
889
891
893
905
943
944
988
995
998
999
1003
1005
1006
1007
1011
1012
1013
1019
1020
1023
1025
1027
1028
1030
1031
1033
1035
1037
1038
1039
1040
1041
1042
1043
1046
1047
1052
1053
1054
1062
1063
1066
1068
1071
1072
1075
1077
1078
1080
1081
1083
1084
1085
1087
1088
1090

122
852
865

1015

1022

