t_index	tf-idf
2	0.002653259124725376
14	0.0029834030339479407
15	0.0032153633286346583
43	0.003332905519299657
55	0.004110428604920949
66	0.005197251205363125
188	0.003447515456665986
190	0.0050657246729227745
276	0.003675681476215782
304	0.007723556770878056
306	0.0068928834971165275
308	0.0068928834971165275
319	0.004020884886912936
320	0.0065839834601655834
337	0.006368884827312303
354	0.003675681476215782
356	0.005117236462098999
360	0.007105948530320777
392	0.0038271778429050884
432	0.003458289484387608
496	0.004783184709664802
528	0.002209945536357067
697	0.007831018172285122
721	0.011092176902408981
747	0.005338675953213203
748	0.006086344864054331
763	0.003131791228221729
779	0.007525472396156519
863	0.0048274235199751315
899	0.011092176902408981
1082	0.003332905519299657
1112	0.003921537709116535
1178	0.004172585098630331
1245	0.0027397140205289265
1421	0.0033127977052487324
1512	0.006701525650830582
1574	0.0065839834601655834
1600	0.011854476725160849
1623	0.005959551028114992
1624	0.011854476725160849
1711	0.0036515777782117034
1731	0.008485856593629923
1760	0.005693239175650858
1858	0.007621907005295706
1873	0.004065123697223265
1899	0.005091304151756197
1939	0.0035020138432807933
1976	0.004805173997670322
1990	0.007621907005295706
2036	0.00882863255054605
2098	0.0036277791985094617
2105	0.006763172573404652
2110	0.004518523483024187
2115	0.00743374382875419
2147	0.0033634763179467867
2223	0.003801065441303733
2343	0.005197251205363125
2420	0.003034448595547759
2450	0.009789016748019451
2499	0.006641836107602732
2565	0.006000872750652786
2573	0.004783184709664802
2611	0.009499203805895586
2614	0.004872728427672816
2617	0.006318746850906177
2686	0.006318746850906177
2690	0.003921537709116535
2725	0.005224697863506064
2766	0.004444055820220626
2849	0.007944996261992262
2928	0.006641836107602732
2973	0.003963473931640915
2977	0.007621907005295706
3090	0.0015662647898512726
3167	0.0035581392855507828
3179	0.003095808068737855
3185	0.005919118014027791
3255	0.007831018172285122
3309	0.008066332727794182
3351	0.005338675953213203
3375	0.005523749461529004
3392	0.0035581392855507828
3431	0.0058407707322407935
3484	0.005015586696516649
3575	0.007032211130758957
3576	0.006318746850906177
3713	0.00924815641638179
3714	0.008335371285148486
3736	0.00882863255054605
3795	0.0033127977052487324
3801	0.006826909615918533
3803	0.004303424850170908
3812	0.008066332727794182
3924	0.004303424850170908
3973	0.005658096793736661
4029	0.006701525650830582
4074	0.005368283851612794
4122	0.00924815641638179
4234	0.007525472396156519
4254	0.00696125694812619
4269	0.0033841365554413538
4309	0.004337608749937287
4395	0.0051435314738400946
4464	0.005117236462098999
4467	0.006420396616488528
4533	0.005428936295088182
4536	0.004372425720739946
4551	0.0020603161635572576
4667	0.0030517764849576027
4874	0.006826909615918533
4878	0.00423686700788972
4920	0.011092176902408981
4947	0.002133642665359334
5089	0.006269911308007091
5212	0.007346283282917449
5218	0.008335371285148486
5221	0.011092176902408981
5287	0.004805173997670322
5324	0.0023544146390895608
5366	0.006086344864054331
5427	0.007032211130758957
5434	0.0023128317785984036
5438	0.00726271118250452
5465	0.0030517764849576027
5495	0.0025174555084075535
5499	0.0024785562719568297
5638	0.0040952053420515245
5738	0.005224697863506064
5739	0.0058407707322407935
5741	0.004942800986518163
5800	0.0036277791985094617
6049	0.008649443437306979
6243	0.006130583674364661
6336	0.0036635909992280328
6410	0.011092176902408981
6561	0.0040952053420515245
6648	0.002155129329998079
6700	0.003034448595547759
6778	0.005802788375931248
6865	0.005491610855125511
6964	0.005491610855125511
7025	0.008649443437306979
7110	0.007723556770878056
7143	0.0030430925771757905
7178	0.009789016748019451
7244	0.0038940910509735957
7287	0.0034909870510129145
7449	0.0038805165321300523
7483	0.006368884827312303
7526	0.011092176902408981
7536	0.009499203805895586
7638	0.002243619201177926
7665	0.0033841365554413538
7719	0.0010968524196259
7871	0.003801065441303733
7930	0.001488885033272466
7952	0.002732355644434145
7978	0.0058407707322407935
7991	0.002597755088077379
8201	0.006763172573404652
8221	0.008196043651506056
8237	0.00743374382875419
8387	0.0015388181317083334
8684	0.002254979131161254
8760	0.004141249995063581
8917	0.004065123697223265
8920	0.013157636879550377
8966	0.0047187191018667725
9072	0.011092176902408981
9092	0.005959551028114992
9138	0.003524263365585603
9206	0.004006366956144158
9240	0.005491610855125511
9257	0.004269851409925184
9266	0.0036878502092626587
9300	0.004425890821979899
9373	0.00188861362145435
9380	0.005280823305776054
9392	0.004253286873764781
9393	0.0058407707322407935
9400	0.004518523483024187
9559	0.008335371285148486
9675	0.005398365496441054
9715	0.005589723342726999
9765	0.000767457748325108
9859	0.0032929026762913774
9864	0.005170199476891257
9970	0.0038271778429050884
10016	0.009499203805895586
10117	0.010551316570771319
10215	0.005959551028114992
10258	0.011854476725160849
10326	0.010551316570771319
10386	0.006420396616488528
10480	0.009499203805895586
10502	0.004556893441168365
10533	0.004615957859638262
10730	0.0036159919329879324
10736	0.0011721905538031284
10836	0.0034368028197488626
10876	0.003426150877984115
10915	0.006000872750652786
10931	0.00622231224176699
10977	0.005368283851612794
10994	0.004615957859638262
11015	0.0031870911764313777
11062	0.007032211130758957
11065	0.0046563908737254625
11165	0.0038140763077094695
11234	0.005117236462098999
11266	0.008335371285148486
11307	0.009026716925267585
11389	0.0036635909992280328
11482	0.0025841313857648857
11486	0.004919152087377461
11512	0.007032211130758957
11546	0.00423686700788972
11589	0.005623599262692179
11591	0.005091304151756197
11614	0.00726271118250452
11658	0.005280823305776054
11899	0.0020096375508592036
12181	0.00726271118250452
12255	0.006473359631280786
12287	0.011092176902408981
12304	0.004518523483024187
12313	0.005197251205363125
12361	0.004253286873764781
12530	0.011092176902408981
12560	0.003853658036886395
12644	0.001201239310630338
