t_index	tf-idf
15	0.0032015040039422675
43	0.00331853954723371
55	0.004092711240244565
56	0.011044365795071011
281	0.00723140639292476
354	0.0036598380215769207
394	0.006445457219076989
416	0.010088121184655683
432	0.003443383064196282
496	0.0047625675341921095
528	0.0022004199090451828
576	0.01310092292748335
766	0.01310092292748335
779	0.007493035015138603
782	0.003623952725093597
787	0.003432655476249322
863	0.004806615659975239
917	0.0021191354042599765
939	0.008449279625553932
1082	0.00331853954723371
1112	0.0039046345293358604
1129	0.0033799207503139267
1396	0.00593386330816622
1407	0.01310092292748335
1418	0.008449279625553932
1501	0.011044365795071011
1574	0.006555604221113146
1623	0.00593386330816622
1647	0.006445457219076989
1711	0.0036358382188228597
1722	0.006445457219076989
1861	0.00534514469707998
1873	0.004047601612321441
1879	0.005565629707629038
1880	0.011044365795071011
1899	0.005069358875240006
1939	0.0034869189560252727
2098	0.0036121422192055418
2188	0.00593386330816622
2272	0.009458258961904657
2287	0.010088121184655683
2339	0.003210982297476484
2396	0.01050583675796627
2420	0.0030213690757393634
2539	0.01310092292748335
2579	0.006445457219076989
2617	0.006291510873100547
2652	0.004406813706367917
2686	0.006291510873100547
2703	0.00974682271031247
2823	0.006931251530246336
2851	0.008299442960643536
2896	0.0018298142376853555
2904	0.005375096679646049
2942	0.004784462040783812
3018	0.007314618268766943
3065	0.004218604650097092
3090	0.0015595136485157068
3167	0.003542802478285478
3185	0.005893604574312154
3190	0.01180337984272481
3255	0.007797263783611479
3484	0.004993967788342008
3575	0.007001899875884995
3620	0.006613207503690652
3755	0.01180337984272481
3803	0.004284875605127067
3856	0.0033286309947117387
3917	0.004170397033922465
3924	0.004284875605127067
4029	0.0066726397644045875
4036	0.004698379795393209
4236	0.0071517365407953925
4263	0.0030648039471439627
4351	0.01050583675796627
4427	0.01180337984272481
4490	0.006291510873100547
4506	0.01180337984272481
4551	0.002051435490438476
4599	0.005854193456036853
4642	0.004154599818032786
4667	0.0030386222759707163
4906	0.0028968025782332677
4927	0.0031273573224438952
4935	0.009458258961904657
4942	0.003932367762117799
5043	0.004406813706367917
5048	0.003259107286519774
5089	0.006242885828231198
5165	0.008031564052243345
5171	0.0042514468779858506
5259	0.005815594996325963
5324	0.002344266300127968
5398	0.006734020967484804
5434	0.0023028626761044447
5465	0.0030386222759707163
5495	0.0025066044070782105
5499	0.002467872839750119
5649	0.00974682271031247
5715	0.002467872839750119
5738	0.0052021776140944
5739	0.005815594996325963
5878	0.0030213690757393634
6117	0.0041863286958188604
6133	0.01310092292748335
6293	0.0017454174526526098
6410	0.011044365795071011
6427	0.00593386330816622
6461	0.00566869935161788
6474	0.007075319441828015
6545	0.002417446653371956
6566	0.0027724774658637965
6569	0.006242885828231198
6636	0.003932367762117799
6648	0.0021458399794377424
6684	0.004537251659094363
6700	0.0030213690757393634
6708	0.005777776357069476
6716	0.004480233272310936
6718	0.005815594996325963
6865	0.005467940118681004
6879	0.004107992622850814
6918	0.004719532099249865
7067	0.01180337984272481
7134	0.003136466629829236
7230	0.007314618268766943
7263	0.003259107286519774
7300	0.008790578099897143
7392	0.0043018165259392765
7468	0.0053156644189321115
7499	0.01180337984272481
7529	0.01310092292748335
7636	0.01310092292748335
7657	0.01310092292748335
7665	0.0033695497599437615
7719	0.00109212460747234
7755	0.01050583675796627
7908	0.008160715877146117
7928	0.004018121334173572
7952	0.0027205782494150324
8094	0.003432655476249322
8201	0.006734020967484804
8245	0.01180337984272481
8268	0.0051213610795563
8269	0.01180337984272481
8387	0.0015321852949337286
8478	0.005405535707609353
8486	0.01310092292748335
8534	0.004062517699000348
8556	0.0052021776140944
8578	0.007493035015138603
8587	0.003288587564667642
8596	0.009458258961904657
8693	0.01310092292748335
8818	0.004480233272310936
8823	0.006445457219076989
8917	0.004047601612321441
8937	0.011044365795071011
8966	0.004698379795393209
9100	0.008987808662658673
9105	0.005633708445487795
9126	0.008449279625553932
9138	0.0035090725752166996
9183	0.003989098133057329
9266	0.0036719543031882504
9311	0.0053156644189321115
9392	0.004234953740688209
9393	0.005815594996325963
9400	0.004499047088700806
9532	0.01310092292748335
9556	0.006149268372656903
9569	0.005405535707609353
9614	0.006931251530246336
9675	0.005375096679646049
9693	0.006392722493141594
9764	0.0011481009733270455
9765	0.0007641497407892239
9797	0.005893604574312154
9800	0.008299442960643536
9870	0.004461606661178856
9970	0.00381068138668567
9987	0.003443383064196282
10002	0.006445457219076989
10047	0.0038503710495599096
10196	0.003249382802449842
10219	0.01180337984272481
10287	0.003946389992280394
10331	0.006613207503690652
10415	0.006195491930380064
10424	0.0031092706216093776
10466	0.008299442960643536
10570	0.007493035015138603
10576	0.01310092292748335
10606	0.011044365795071011
10635	0.0033387771386491406
10736	0.0011671380083125979
10844	0.004499047088700806
10906	0.004556650371278313
10915	0.005975006919831006
10924	0.005633708445487795
11064	0.004461606661178856
11065	0.004636320223407681
11077	0.01310092292748335
11162	0.008987808662658673
11232	0.004154599818032786
11233	0.01180337984272481
11377	0.007690265577900134
11389	0.0036477996587141186
11497	0.005893604574312154
11506	0.007401701829492319
11546	0.004218604650097092
11565	0.005532496825446749
11582	0.007401701829492319
11589	0.005599359610697816
11591	0.005069358875240006
11671	0.0026915550482987894
11679	0.0035541822031398243
11700	0.007797263783611479
11701	0.01180337984272481
11899	0.002000975320036535
12009	0.00920829367320773
12037	0.01310092292748335
12166	0.004406813706367917
12256	0.009458258961904657
12269	0.006863172792387576
12304	0.004499047088700806
12361	0.004234953740688209
12543	0.008790578099897143
12557	0.0022970219257382116
12560	0.0038370474418998155
12644	0.0011960615549810693
12718	0.006863172792387576
