t_index	tf-idf
43	0.0020978233650087758
66	0.0032712943554192965
74	0.0027744545506980895
116	0.0031262112165821704
136	0.006377231920545282
176	0.004381608596776975
181	0.0028682353812258645
182	0.003946456436375035
183	0.0027632377490772937
189	0.0021699620449314515
210	0.004338572446413945
226	0.004426269131349643
293	0.0038309146147044973
304	0.004861421291751583
306	0.004338572446413945
319	0.002530856699937025
354	0.0023135760790350015
359	0.005341233986726191
391	0.004520988766933327
394	0.0040745124654655625
410	0.00698172442631192
433	0.004218126499569113
468	0.0025493471341149327
528	0.0013910011414127587
530	0.003360311022322207
567	0.007461537121286528
586	0.00291806858480164
633	0.002392496231447309
636	0.002568131079477059
659	0.002477058176242864
671	0.0032374816633707402
673	0.003360311022322207
675	0.0022112463612056227
715	0.0030385145316464725
720	0.006377231920545282
724	0.0037007435471404625
756	0.003052686721526058
775	0.005077174005777809
796	0.005444200092691858
830	0.0037256573875760752
839	0.0033978812797762488
853	0.00380370965310613
885	0.003946456436375035
917	0.0013396169313033093
996	0.0033789470564647285
1004	0.003024510063928731
1021	0.0032712943554192965
1028	0.002054105749777557
1031	0.0020358529913342264
1059	0.0032374816633707402
1060	0.00380370965310613
1103	0.007461537121286528
1107	0.0024947206490709846
1112	0.0024683248250842497
1114	0.004929060484462842
1129	0.0021366256514246075
1164	0.0020358529913342264
1176	0.004520988766933327
1207	0.005077174005777809
1208	0.0015086994351350329
1216	0.0034768014321885556
1245	0.0017244521491612589
1251	0.004861421291751583
1277	0.005681666511544447
1330	0.0040745124654655625
1421	0.0020851669479903467
1447	0.0031262112165821704
1508	0.001564117895715855
1541	0.0044726815000111705
1585	0.003156949664564975
1701	0.0033789470564647285
1705	0.0026463985216075626
1733	0.0017060336651086793
1888	0.002943794896062789
1942	0.00429704665198142
1970	0.004144142177924386
1978	0.006161479206519055
2048	0.0014971543317474183
2073	0.004679004971232201
2118	0.0032374816633707402
2147	0.002117065475328904
2170	0.004623954872898994
2251	0.0035396496721577476
2431	0.002530856699937025
2442	0.0035613633769841107
2444	0.0037256573875760752
2454	0.0020914782360753085
2483	0.001652438224255399
2519	0.0040745124654655625
2554	0.003518327226621081
2566	0.0015722510116544445
2609	0.0025493471341149327
2614	0.0030670306997068676
2619	0.002905412167783211
2623	0.003096251041373824
2626	0.006377231920545282
2690	0.0024683248250842497
2697	0.003288570044877114
2704	0.0026463985216075626
2751	0.004338572446413945
2776	0.0039771948843578386
2777	0.003751107050393905
2822	0.0032209308521658547
2896	0.001156721806929162
2921	0.005077174005777809
2932	0.004797440104150703
2945	0.005681666511544447
2973	0.0024947206490709846
3090	0.000985850589797395
3091	0.00429704665198142
3133	0.005979062885999674
3138	0.007461537121286528
3164	0.005979062885999674
3167	0.0022395917573902746
3193	0.0031111363157648383
3200	0.0021767435174210826
3204	0.0037007435471404625
3227	0.0023135760790350015
3248	0.004218126499569113
3285	0.002983464433313266
3303	0.0021366256514246075
3309	0.005077174005777809
3343	0.005341233986726191
3352	0.002218269311853608
3356	0.0030385145316464725
3362	0.005077174005777809
3388	0.005341233986726191
3420	0.0014971543317474183
3511	0.003172623585243698
3541	0.004218126499569113
3608	0.0038587597514393368
3619	0.0038309146147044973
3662	0.003606023911556779
3681	0.0026771369695903664
3788	0.008281782341079394
3795	0.0020851669479903467
3845	0.005246514351142507
3917	0.0026363272802997595
4114	0.0025126507452871193
4175	0.0026363272802997595
4185	0.0018831314880871292
4241	0.0026668018496526576
4264	0.004929060484462842
4307	0.002687563149026478
4325	0.0033978812797762488
4331	0.0033238969581315214
4336	0.005246514351142507
4386	0.0038872759194997315
4406	0.003204608335301584
4468	0.0032209308521658547
4487	0.0039771948843578386
4528	0.0019208729373983821
4536	0.0027521262710924455
4591	0.007461537121286528
4660	0.004338572446413945
4689	0.003916496261166688
4765	0.006161479206519055
4816	0.0018465566298597937
4878	0.0026668018496526576
4910	0.004008753120188398
4947	0.001342973993727537
5077	0.005158817666206809
5093	0.002905412167783211
5194	0.002392496231447309
5203	0.002844084263156913
5279	0.0035613633769841107
5312	0.00429704665198142
5317	0.0022540232010141124
5324	0.0014819340098901595
5347	0.008281782341079394
5365	0.0019655334719710506
5419	0.0024255994728086027
5434	0.0014557606017880959
5458	0.0034768014321885556
5482	0.002983464433313266
5489	0.0032712943554192965
5495	0.0015845564644200133
5499	0.0015600722038747348
5511	0.0034768014321885556
5710	0.0037256573875760752
5715	0.0015600722038747348
5800	0.002283425054102686
5825	0.0025776360599833845
5834	0.004426269131349643
5861	0.0040745124654655625
5915	0.001618010670034168
5962	0.0037256573875760752
5963	0.003204608335301584
5964	0.0022686328151070505
5988	0.007461537121286528
6010	0.0044726815000111705
6022	0.0050008014619079355
6088	0.007461537121286528
6111	0.002477058176242864
6177	0.0038872759194997315
6190	0.0013564982976282188
6191	0.0028087573499025052
6258	0.003946456436375035
6280	0.0058210466817008
6293	0.0011033701608049195
6298	0.0026668018496526576
6488	0.0026668018496526576
6495	0.008281782341079394
6555	0.0020419060158409236
6571	0.0033061016797692393
6666	0.002290891095971974
6672	0.0030385145316464725
6684	0.0028682353812258645
6716	0.002832191060425442
6769	0.005246514351142507
6842	0.0038587597514393368
6890	0.0020238390433640493
6918	0.002983464433313266
6919	0.006641291901493664
6982	0.003946456436375035
7050	0.00314148063761214
7104	0.005556986700752418
7108	0.0029308618306010405
7143	0.0019154070444893938
7173	0.00380370965310613
7207	0.0024947206490709846
7250	0.0016053542530157386
7337	0.0023212354178192753
7339	0.0035396496721577476
7372	0.006641291901493664
7380	0.004520988766933327
7401	0.001971236440651824
7434	0.0040745124654655625
7592	0.007461537121286528
7612	0.0030815506820095024
7638	0.0014121962819403293
7655	0.0018465566298597937
7665	0.00213006960301622
7667	0.008281782341079394
7713	0.0030815506820095024
7719	0.0006903893976391904
7822	0.0033061016797692393
7824	0.0032712943554192965
7846	0.004736741480959553
7930	0.0009371456203976557
7991	0.001635099251623636
7993	0.0022324415017331936
8019	0.002503651738338657
8052	0.008281782341079394
8132	0.0044726815000111705
8208	0.003583482968870158
8289	0.0030670306997068676
8345	0.0028682353812258645
8367	0.005979062885999674
8379	0.0038309146147044973
8386	0.002568131079477059
8387	0.0009685749003395778
8417	0.0033061016797692393
8421	0.0034366835661920805
8482	0.005556986700752418
8532	0.001743161846580651
8556	0.003288570044877114
8600	0.002905412167783211
8639	0.0021904241751187687
8656	0.001816082060506895
8684	0.0014193465375974105
8710	0.004108815264669978
8753	0.004041176071958719
8757	0.0008105586960407037
8774	0.004218126499569113
8807	0.0037771160910103365
8846	0.00429704665198142
8917	0.002558701836671864
8949	0.004180556242115071
9058	0.002943794896062789
9066	0.002558701836671864
9068	0.005681666511544447
9184	0.0024089321027549737
9252	0.0025968781703035117
9266	0.0023212354178192753
9321	0.0014229379324963566
9345	0.005556986700752418
9373	0.0011887459034222202
9418	0.0021699620449314515
9432	0.0023843631155087194
9454	0.0050008014619079355
9542	0.0037256573875760752
9565	0.005979062885999674
9590	0.003172623585243698
9632	0.0034768014321885556
9661	0.003360311022322207
9673	0.004520988766933327
9758	0.0038587597514393368
9765	0.00048305923668419604
9767	0.0050008014619079355
9768	0.001766972784939395
9785	0.0039771948843578386
9819	0.004520988766933327
9860	0.002956870871217472
9870	0.002820416199982274
9895	0.002905412167783211
9958	0.002832191060425442
9992	0.0022253341908134985
9999	0.0014410602424237738
10007	0.0024947206490709846
10035	0.0034565725000926238
10036	0.0025400658025293427
10038	0.0032542672456726983
10047	0.002434022025879834
10079	0.001994327196901701
10085	0.001816082060506895
10106	0.006377231920545282
10152	0.004144142177924386
10196	0.002054105749777557
10281	0.004520988766933327
10352	0.005158817666206809
10424	0.0019655334719710506
10539	0.004623954872898994
10579	0.004861421291751583
10586	0.0058210466817008
10589	0.0027086952054209256
10635	0.0021106166108081762
10716	0.002530856699937025
10736	0.0007378093131567375
10743	0.0026066178443043242
10765	0.004338572446413945
10836	0.0021632192135204015
10988	0.004861421291751583
10996	0.002530856699937025
11075	0.004041176071958719
11104	0.003946456436375035
11166	0.0025400658025293427
11176	0.0022984045415991917
11204	0.004008753120188398
11232	0.0026263410293831235
11260	0.002204264844135867
11310	0.004623954872898994
11311	0.002785778691763915
11312	0.0019769670267220265
11338	0.0026463985216075626
11388	0.0027632377490772937
11393	0.0027744545506980895
11416	0.0019045504205341113
11482	0.0016265241147457455
11497	0.0037256573875760752
11498	0.0050008014619079355
11514	0.0038872759194997315
11545	0.004679004971232201
11635	0.004338572446413945
11658	0.0033238969581315214
11886	0.005077174005777809
11899	0.0012649217281974824
11907	0.0039771948843578386
12027	0.0029308618306010405
12032	0.0017060336651086793
12039	0.0018568917497975021
12052	0.005158817666206809
12057	0.003946456436375035
12093	0.005681666511544447
12211	0.004144142177924386
12226	0.0023135760790350015
12341	0.006161479206519055
12386	0.003172623585243698
12387	0.005681666511544447
12450	0.002218269311853608
12480	0.0024089321027549737
12491	0.0038309146147044973
12557	0.0014520683563249732
12566	0.0017766329505106476
12571	0.004623954872898994
12612	0.003417123390096376
12649	0.0017961931266063517
