t_index	tf-idf
14	0.0017403184364696322
15	0.0018756286083702175
90	0.0018536938124482662
116	0.002897271506276911
166	0.005045508671762405
181	0.0026581878406815463
182	0.0036574482630041365
183	0.002560879429069108
190	0.002955006059204952
226	0.004102123159609392
277	0.002194829302477727
293	0.003550367837365027
304	0.004505408116345533
319	0.0023455161840325463
391	0.004189906256223563
394	0.0037761264515804587
468	0.002362652520758031
528	0.0012891348962082892
571	0.0046345811528288195
572	0.0036296821410307448
605	0.006470436526405239
611	0.0055412022201057586
615	0.005910212411212421
633	0.0022172881740938444
636	0.00238006087416182
641	0.0023286434937383155
659	0.0022956574512149777
660	0.002681036651230529
661	0.0027403323478202334
675	0.002049311652935514
706	0.0030804802617026986
744	0.0034071162604737966
787	0.0020110506830551583
839	0.0031490465395906148
853	0.0035251551583079543
917	0.0012415136711826126
947	0.006915111423010495
996	0.0031314989134407964
1004	0.002803018165307688
1012	0.00615493466628327
1028	0.0019036788135564733
1031	0.0018867627470193465
1048	0.0034071162604737966
1057	0.0031668795054681067
1059	0.003000393359740055
1060	0.0035251551583079543
1082	0.0019441948862581333
1112	0.002287563663651312
1129	0.001980155591093008
1170	0.004336350566773278
1177	0.0029257589063013787
1178	0.0024340079742010265
1208	0.001398213870440801
1213	0.0031142276393743688
1245	0.0015981665119752073
1261	0.0055412022201057586
1273	0.002062367798051904
1287	0.005910212411212421
1330	0.0037761264515804587
1343	0.005910212411212421
1380	0.0030317298697951564
1388	0.0033005564630130524
1412	0.0037761264515804587
1421	0.0019324653280617609
1429	0.003550367837365027
1521	0.00390922329631784
1596	0.0032034396654898817
1601	0.0027775122892866634
1650	0.0025302717707967512
1661	0.0035761738100460526
1679	0.005394757909556044
1690	0.003476404766400412
1705	0.0024525966096716556
1711	0.0021300870372901602
1731	0.004950083012950789
1733	0.0015810968563002156
1737	0.003241260766423348
1873	0.0023713221567135713
1878	0.0037151828159321773
1879	0.003260671949924083
1900	0.002462010429164694
1970	0.0038406570184299237
2065	0.0034071162604737966
2098	0.002116204532463853
2162	0.0046345811528288195
2200	0.004781025463378533
2231	0.003341946402882167
2269	0.004505408116345533
2306	0.005394757909556044
2339	0.001881181548016526
2431	0.0023455161840325463
2442	0.0033005564630130524
2483	0.0015314263340952814
2496	0.0015810968563002156
2511	0.004060733219740278
2519	0.0037761264515804587
2566	0.0014571114173666192
2576	0.004236581523127637
2684	0.0034528188415162116
2689	0.004189906256223563
2690	0.002287563663651312
2695	0.003363242280500507
2704	0.0024525966096716556
2725	0.0030477404203785377
2750	0.0023286434937383155
2776	0.003685935663028604
2783	0.00438985889775797
2790	0.001711328997875112
2808	0.004781025463378533
2896	0.0010720123816742489
2957	0.0035761738100460526
2973	0.0023120264601238674
3088	0.006470436526405239
3090	0.0009136544607465758
3103	0.0021370947495496857
3133	0.0055412022201057586
3167	0.0020755812499046234
3168	0.003321056185796334
3179	0.0018058880400970822
3193	0.0028833005754689287
3200	0.0020173355325594383
3285	0.002764978401580729
3303	0.001980155591093008
3352	0.002055820296591602
3356	0.002815997053318827
3357	0.00390922329631784
3365	0.0025817696461549414
3377	0.0026581878406815463
3385	0.006915111423010495
3387	0.00615493466628327
3420	0.0013875142417962185
3460	0.0030317298697951564
3541	0.00390922329631784
3594	0.00438985889775797
3620	0.0038744043961015944
3699	0.004505408116345533
3707	0.004189906256223563
3748	0.004950083012950789
3863	0.00390922329631784
3914	0.00390922329631784
3917	0.002443262908762656
3931	0.0055412022201057586
4036	0.0027525861427556177
4057	0.005265584873072758
4094	0.004189906256223563
4102	0.0031142276393743688
4127	0.0034071162604737966
4138	0.004236581523127637
4166	0.0019383144258576725
4175	0.002443262908762656
4185	0.001745225394262567
4195	0.004781025463378533
4207	0.004568093933832988
4228	0.00615493466628327
4248	0.0046345811528288195
4304	0.004781025463378533
4307	0.0024907466557896906
4325	0.0031490465395906148
4331	0.0030804802617026986
4386	0.0036026016728697013
4441	0.0035761738100460526
4468	0.002985054602891083
4473	0.0038406570184299237
4503	0.0035251551583079543
4507	0.005394757909556044
4528	0.0017802029495586017
4551	0.0012018510954084002
4562	0.0019151029089101255
4655	0.0030159496948532335
4660	0.004020848706651308
4667	0.0017802029495586017
4671	0.005150035654485195
4703	0.004862299916336617
4741	0.0036574482630041365
4798	0.0046345811528288195
4816	0.001711328997875112
4846	0.0031314989134407964
4927	0.0018321891384014742
4947	0.0012446248881262782
5043	0.0025817696461549414
5048	0.001909375986041888
5066	0.002869505384303519
5080	0.004102123159609392
5086	0.0036026016728697013
5093	0.0026926420847889865
5150	0.0023977500195372205
5203	0.0026358053650974425
5269	0.0018321891384014742
5290	0.0055412022201057586
5312	0.003982363942619145
5324	0.0013734085394689107
5365	0.0018215928894277163
5406	0.007675288179737721
5419	0.0022479671881837308
5426	0.0042853319150351794
5434	0.001349151870849069
5458	0.003222187185891919
5482	0.002764978401580729
5485	0.003945184001152714
5533	0.002897271506276911
5559	0.0037151828159321773
5678	0.004568093933832988
5715	0.0014458244919748175
5741	0.0028833005754689287
5800	0.002116204532463853
5828	0.0027282139567046558
5834	0.004102123159609392
5866	0.005710259769678014
5878	0.001770095014069526
5915	0.001499519989652878
5930	0.004102123159609392
5945	0.005045508671762405
5951	0.0030477404203785377
5952	0.00615493466628327
5958	0.006470436526405239
5962	0.0034528188415162116
5963	0.0029699274218577816
6013	0.005710259769678014
6070	0.005150035654485195
6074	0.004446112419755829
6084	0.004336350566773278
6118	0.00390922329631784
6138	0.0037151828159321773
6218	0.004950083012950789
6258	0.0036574482630041365
6261	0.0031314989134407964
6293	0.0010225678005439534
6336	0.0021370947495496857
6431	0.0027403323478202334
6461	0.003321056185796334
6545	0.0014162818777330652
6566	0.0016242797274757597
6622	0.003982363942619145
6642	0.003476404766400412
6730	0.004950083012950789
6735	0.0038406570184299237
6964	0.0032034396654898817
6982	0.0036574482630041365
6985	0.004568093933832988
6992	0.006915111423010495
7038	0.0038406570184299237
7108	0.002716228009673187
7207	0.0023120264601238674
7208	0.00414513664268712
7210	0.004446112419755829
7244	0.0022715531130679313
7247	0.003685935663028604
7250	0.0014877904314565054
7287	0.0020364091130908673
7337	0.002151245955403218
7338	0.0032804329032371047
7380	0.004189906256223563
7401	0.0018268782164626754
7516	0.006470436526405239
7518	0.0055412022201057586
7565	0.0032034396654898817
7655	0.001711328997875112
7665	0.00197407965734079
7680	0.0018110980415207525
7715	0.0031668795054681067
7822	0.0030639881729174518
7871	0.0022172881740938444
7930	0.0008685162694089386
7970	0.005265584873072758
7991	0.0015153571347118044
7993	0.002068954624081015
8019	0.002320303504975473
8027	0.002424830487698264
8042	0.002815997053318827
8207	0.005045508671762405
8208	0.003321056185796334
8367	0.0055412022201057586
8379	0.003550367837365027
8386	0.00238006087416182
8387	0.0008976439101631946
8525	0.001775137336685878
8534	0.00238006087416182
8556	0.0030477404203785377
8597	0.0018007026723418833
8602	0.001716107668778407
8639	0.0020300143239105764
8757	0.0007511995996134805
8765	0.0037761264515804587
8772	0.003222187185891919
8775	0.004060733219740278
8785	0.0024525966096716556
8802	0.003222187185891919
8811	0.0038744043961015944
8845	0.002592365895128699
8880	0.0023370473910840923
8883	0.005910212411212421
8888	0.002646939503746572
8907	0.0020755812499046234
8990	0.00179040491370441
8994	0.0029257589063013787
9054	0.004020848706651308
9083	0.00438985889775797
9183	0.0023370473910840923
9252	0.002406702748740881
9294	0.0031668795054681067
9418	0.0020110506830551583
9542	0.0034528188415162116
9590	0.0029402849893546395
9662	0.00438985889775797
9701	0.0015981665119752073
9748	0.00615493466628327
9764	0.000672624812656249
9765	0.0004476836865229797
9768	0.0016375732628099951
9785	0.003685935663028604
9811	0.0029699274218577816
9860	0.0027403323478202334
9958	0.00262478312923267
9961	0.004568093933832988
9970	0.002232520408361302
9978	0.00615493466628327
9992	0.002062367798051904
9999	0.001335528052953346
10007	0.0023120264601238674
10049	0.0042853319150351794
10050	0.003260671949924083
10074	0.00390922329631784
10079	0.0018482779829871825
10092	0.0022402166030128304
10152	0.0038406570184299237
10196	0.0019036788135564733
10298	0.004446112419755829
10310	0.0034528188415162116
10342	0.002869505384303519
10350	0.005150035654485195
10398	0.004060733219740278
10424	0.0018215928894277163
10460	0.005394757909556044
10466	0.004862299916336617
10502	0.0026581878406815463
10557	0.0027043716429853587
10584	0.002320303504975473
10693	0.0030159496948532335
10736	0.000683777823051825
10834	0.0030804802617026986
10836	0.0020048016448535036
10872	0.0046345811528288195
10892	0.0027901910806378016
10899	0.004189906256223563
10996	0.0023455161840325463
11037	0.0015314263340952814
11071	0.0022402166030128304
11204	0.0037151828159321773
11210	0.0030639881729174518
11213	0.004950083012950789
11232	0.0024340079742010265
11237	0.004189906256223563
11260	0.002042841408580463
11310	0.0042853319150351794
11311	0.0025817696461549414
11312	0.0018321891384014742
11416	0.0017650757685253003
11419	0.002897271506276911
11439	0.005710259769678014
11453	0.0032034396654898817
11497	0.0034528188415162116
11505	0.0017802029495586017
11579	0.004060733219740278
11596	0.003000393359740055
11646	0.0030639881729174518
11671	0.0015768706343568667
11751	0.004189906256223563
11881	0.005910212411212421
11899	0.0011722885713345355
12027	0.002716228009673187
12032	0.0015810968563002156
12039	0.0017209072529688974
12057	0.0036574482630041365
12073	0.005710259769678014
12150	0.003260671949924083
12210	0.002560879429069108
12323	0.005265584873072758
12325	0.0014685157132377396
12340	0.0025302717707967512
12348	0.002911422712130443
12352	0.0018007026723418833
12361	0.0024810840096961225
12364	0.005045508671762405
12400	0.0011606831377760783
12422	0.00238006087416182
12423	0.0024157291637870886
12464	0.0029699274218577816
12467	0.004505408116345533
12491	0.003550367837365027
12557	0.0013457300170991544
12566	0.001646525992013656
12571	0.0042853319150351794
12580	0.003185007244425489
12649	0.0016646537309710384
12650	0.0023455161840325463
12697	0.005910212411212421
