t_index	tf-idf
15	0.0031606337400621534
66	0.005108787355059072
183	0.004315354271963263
190	0.004979499572107068
226	0.006912513920022634
391	0.007060437776444813
528	0.002172329442121202
570	0.011652698397924068
572	0.006116400544034786
579	0.010371719692970956
615	0.00995933665889412
633	0.0037363664550687757
641	0.00392401201498031
665	0.005190936951635185
675	0.0034533081470743132
724	0.005779459071491701
763	0.00307848414348604
853	0.005940261458255105
869	0.005030134564871782
880	0.0038960105455704314
917	0.0020920826118651682
1028	0.003207901319865376
1112	0.0038547881310890195
1208	0.0023561391178491793
1211	0.004213600410663641
1217	0.007929033447321088
1290	0.011652698397924068
1302	0.004979499572107068
1330	0.006363174786493028
1400	0.008873070679731115
1421	0.0032564096592019457
1426	0.01293367710287718
1427	0.01293367710287718
1470	0.01293367710287718
1601	0.004680403687478803
1650	0.004263777111640483
1711	0.003589423262837887
1722	0.006363174786493028
1733	0.0026643164046590865
1779	0.00995933665889412
1845	0.00995933665889412
1878	0.006260478277060179
1879	0.005494579115616753
1899	0.005004643655556091
1977	0.008193492624975747
2086	0.010371719692970956
2098	0.0035660297653433435
2107	0.009622395186351036
2109	0.005429728194098723
2223	0.0037363664550687757
2234	0.0063111132698248935
2339	0.0031699910341044437
2343	0.005108787355059072
2354	0.009090740988017845
2401	0.007060437776444813
2566	0.0024553877501156647
2670	0.009337515230476087
2677	0.004332871574919996
2857	0.006912513920022634
2893	0.008678357953941009
2896	0.0018064549069915
2981	0.006116400544034786
2987	0.004070760633445477
3036	0.008341416481397926
3057	0.010903373891304148
3089	0.010903373891304148
3090	0.0015396049636410382
3132	0.007929033447321088
3179	0.00304311346331253
3200	0.0033994249825256913
3237	0.006260478277060179
3290	0.004517831973988465
3345	0.004148749489145611
3352	0.0034642759040437203
3460	0.005108787355059072
3748	0.008341416481397926
3825	0.004767387348085376
3890	0.007307212018903055
3917	0.004117157922851114
3924	0.004230175065487148
3958	0.006471915656588297
4148	0.005055982001944944
4185	0.0029408904516084106
4201	0.009622395186351036
4225	0.0032761752125881733
4269	0.0033265342310934156
4275	0.01293367710287718
4309	0.004263777111640483
4406	0.005004643655556091
4468	0.005030134564871782
4551	0.002025246952262666
4562	0.0032271521358655728
4601	0.007929033447321088
4642	0.004101562373547261
4667	0.00299983135329875
4947	0.0020973253433957707
5048	0.003217501661585479
5077	0.008056536525522975
5093	0.0045373883641550575
5097	0.0057040175099579505
5159	0.008873070679731115
5252	0.01293367710287718
5287	0.004723383801965296
5396	0.01293367710287718
5434	0.002273464429175452
5458	0.005429728194098723
5465	0.00299983135329875
5484	0.007221240163208216
5485	0.0066480547423679775
5559	0.006260478277060179
5621	0.005940261458255105
5630	0.0067755578205698636
5673	0.00382780865010596
5715	0.002436368080093735
5718	0.011652698397924068
5760	0.0067755578205698636
5828	0.004597330752574654
5929	0.00995933665889412
5951	0.005135766836042131
5975	0.010371719692970956
6005	0.00552787842417827
6014	0.01293367710287718
6020	0.008873070679731115
6084	0.007307212018903055
6258	0.006163189413402714
6277	0.010903373891304148
6287	0.006587457129114317
6288	0.009622395186351036
6293	0.0017231355277251299
6336	0.0036012320034964915
6431	0.004617751530794946
6491	0.004767387348085376
6504	0.0053670760374148665
6523	0.0038960105455704314
6545	0.00238658563226508
6672	0.004745254608996832
7038	0.006471915656588297
7208	0.006984996214911062
7209	0.011652698397924068
7244	0.00382780865010596
7247	0.006211193713018413
7250	0.002507085152582026
7518	0.009337515230476087
7638	0.002205429938179153
7715	0.005336528868788809
7734	0.005429728194098723
7830	0.0053670760374148665
7905	0.005858111861678992
8042	0.004745254608996832
8076	0.009090740988017845
8169	0.01293367710287718
8207	0.008502218868161328
8324	0.006984996214911062
8387	0.001512625482657979
8417	0.005163146027554514
8532	0.0027222995646599955
8587	0.0032466055957569915
8597	0.003034375567010152
8601	0.010903373891304148
8639	0.00342079009475995
8753	0.0063111132698248935
8757	0.0012658512401997374
8845	0.004368412316897723
8929	0.005779459071491701
8944	0.007397379248987898
8990	0.003017022748199772
9126	0.008341416481397926
9184	0.003762034390259895
9252	0.004055550163835697
9304	0.003637117822802291
9385	0.006710706899051835
9392	0.004180890501445381
9394	0.007307212018903055
9417	0.0057040175099579505
9474	0.005667421034375323
9606	0.010903373891304148
9613	0.005398136627804226
9765	0.000754394637715319
9768	0.002759485157756417
9785	0.006211193713018413
9811	0.005004643655556091
9992	0.003475309140547038
9999	0.0022505068466788297
10047	0.0038012173765868047
10150	0.008056536525522975
10196	0.003207901319865376
10342	0.004835421839081674
10424	0.0030695778051633006
10557	0.0045571539175412856
10635	0.003296154451772769
10645	0.006471915656588297
10668	0.007139090566632103
10736	0.0011522383741639263
10876	0.003367833416231194
10884	0.007929033447321088
10979	0.006163189413402714
10996	0.003952444293093141
11081	0.01293367710287718
11165	0.0037491558599186702
11204	0.006260478277060179
11210	0.005163146027554514
11302	0.008341416481397926
11312	0.003087433611944612
11393	0.004332871574919996
11416	0.002974340443983059
11484	0.008341416481397926
11529	0.010371719692970956
11534	0.006471915656588297
11539	0.01293367710287718
11540	0.008341416481397926
11554	0.005030134564871782
11556	0.00607076707428256
11560	0.005779459071491701
11604	0.006163189413402714
11621	0.0047897883693294495
11623	0.008678357953941009
11624	0.008873070679731115
11625	0.01293367710287718
11675	0.010903373891304148
11881	0.00995933665889412
11899	0.0019754309542488343
12039	0.002899911796492269
12150	0.005494579115616753
12199	0.010371719692970956
12227	0.009622395186351036
12303	0.01293367710287718
12348	0.004906056995760236
12386	0.004954693003338031
12423	0.004070760633445477
12472	0.007397379248987898
12644	0.0011807926840664174
12649	0.002805118627508643
12650	0.003952444293093141
12669	0.004701768799713061
12701	0.010371719692970956
