t_index	tf-idf
43	0.0024519145699306395
50	0.006803580038803165
55	0.0030239140373781504
161	0.007201474104434693
173	0.006363125586044307
178	0.004685389793341217
181	0.003352364283152523
183	0.003229644120736837
193	0.0062427798507277464
249	0.003487042824923467
257	0.005022344335277647
276	0.0027040841433307186
296	0.007201474104434693
308	0.005070879260617573
318	0.0029688030239753784
330	0.006640673916359275
334	0.005681979662652328
337	0.004685389793341217
414	0.005681979662652328
421	0.006803580038803165
432	0.002544155639788336
468	0.0029796509497457976
502	0.007453643677834773
530	0.0039274972776823245
713	0.0062427798507277464
715	0.0035513848188352087
750	0.004510079072542156
797	0.006988267768031466
1040	0.0038436471543627417
1082	0.0024519145699306395
1155	0.0041121850069106266
1178	0.003069640629884097
1245	0.0020155220979050383
1359	0.0037645911552384357
1388	0.004162485220869964
1488	0.002740245770327923
1498	0.00816016835814164
1508	0.0018281250564577034
1701	0.003949278884466737
1861	0.003949278884466737
1900	0.0031049558278637536
1991	0.003324136702479577
2048	0.0017498587253226196
2066	0.0027040841433307186
2077	0.0028058969015314888
2105	0.004975454982345461
2136	0.0038849368905549955
2137	0.007201474104434693
2147	0.0024744045523748654
2163	0.004354510386115986
2209	0.0035679491299365072
2241	0.006988267768031466
2254	0.0035513848188352087
2267	0.0028058969015314888
2343	0.003823455504582426
2344	0.006803580038803165
2379	0.004802341408069688
2420	0.0022323491260239883
2483	0.001931352956374941
2573	0.0035188397067916224
2692	0.005934149236052407
2719	0.004510079072542156
2742	0.005121179474576911
2766	0.0032693531671049835
2785	0.004445737078630414
2802	0.002481983220353702
2818	0.005536255170420879
2894	0.004762248645942235
2896	0.0013519646596910908
2901	0.004577560916713933
2942	0.0035350165396874026
2946	0.006988267768031466
3049	0.004214683998539293
3093	0.0056071991026220005
3154	0.0052840855970208
3167	0.00261761202217271
3170	0.006132072505953186
3178	0.00816016835814164
3179	0.002277489375409059
3181	0.003906053383863954
3188	0.0043253913433138535
3212	0.006640673916359275
3220	0.005342949946364791
3279	0.0024371218787020933
3329	0.004016760728638515
3392	0.00261761202217271
3420	0.0017498587253226196
3422	0.004762248645942235
3465	0.0032828469662873234
3511	0.0037081301139631757
3541	0.004930103265419951
3570	0.006988267768031466
3581	0.005468773326249102
3811	0.004577560916713933
3848	0.004577560916713933
3856	0.0024593706712519856
3862	0.005173378252246239
3882	0.0017364953030499823
3948	0.0042689303020385936
3957	0.005934149236052407
3959	0.0019010648092728938
3973	0.004162485220869964
4054	0.004354510386115986
4134	0.007453643677834773
4148	0.0037839355747040187
4152	0.005404431332337359
4166	0.0024444984478969372
4185	0.002200984892127314
4188	0.003689810595208108
4263	0.0022644411329216544
4418	0.004886191531389272
4495	0.004510079072542156
4514	0.0043253913433138535
4522	0.007762274292510111
4597	0.004087704660839637
4794	0.0032427542041598696
4816	0.0021582365705686123
4835	0.003093083622388457
4906	0.00214031273296216
4936	0.0038849368905549955
4942	0.002905443696851368
4944	0.003671730554151769
4947	0.0015696543175095737
4949	0.003653883810463875
5115	0.00816016835814164
5138	0.006363125586044307
5288	0.0035679491299365072
5297	0.005022344335277647
5378	0.007201474104434693
5444	0.005844885785096218
5492	0.006640673916359275
5499	0.0018233964930637824
5506	0.0060295735143245195
5509	0.006363125586044307
5511	0.004063650081570701
5552	0.006363125586044307
5605	0.003366697089606907
5638	0.0030127147580060578
5915	0.0018911143818552219
5925	0.0062427798507277464
5964	0.002651554914472253
6010	0.00522762455574554
6017	0.004510079072542156
6045	0.0041121850069106266
6052	0.005934149236052407
6066	0.006494949424127826
6111	0.0028951603524876787
6112	0.007201474104434693
6157	0.003949278884466737
6190	0.0015854613860813895
6244	0.0037455135638715968
6248	0.007762274292510111
6293	0.0012896077994121195
6298	0.003116930824275559
6320	0.007453643677834773
6336	0.0026951895567569285
6467	0.004510079072542156
6488	0.003116930824275559
6503	0.0024008178667782273
6523	0.0029158040707294632
6530	0.00816016835814164
6635	0.005934149236052407
6647	0.007762274292510111
6648	0.0015854613860813895
6696	0.007201474104434693
6700	0.0022323491260239883
6765	0.0029262426368480486
6769	0.006132072505953186
6773	0.003906053383863954
6849	0.0060295735143245195
6943	0.005468773326249102
6971	0.005173378252246239
7199	0.00816016835814164
7208	0.00522762455574554
7244	0.00286476125087548
7337	0.002713036300444822
7342	0.003864137950558315
7392	0.0031784122102481278
7401	0.002303961062800062
7420	0.001931352956374941
7449	0.002854774901025612
7538	0.008720968546217059
7543	0.005761035661776635
7588	0.007762274292510111
7638	0.0016505606225226143
7665	0.0024896036442896585
7713	0.0036016850327945465
7719	0.0008069200921451685
7740	0.007762274292510111
7767	0.002365442448772631
7794	0.00816016835814164
7802	0.005761035661776635
7852	0.004648504848915054
7855	0.004723285408945383
7862	0.007453643677834773
7905	0.004384255692657844
7914	0.00315349075320368
7929	0.0015232889666467553
7952	0.002010108770268432
7993	0.002609254876229561
8026	0.006132072505953186
8126	0.006132072505953186
8186	0.004685389793341217
8270	0.0024080028358999606
8279	0.004543408479160515
8390	0.003352364283152523
8419	0.00315349075320368
8485	0.004296872736138929
8501	0.005070879260617573
8534	0.003001605433656308
8587	0.0024297844426843726
8602	0.002164263174637736
8609	0.0039274972776823245
8657	0.003410608823637586
8665	0.006132072505953186
8699	0.005070879260617573
8757	0.0009473727434615868
8759	0.0022134453678058167
8847	0.004384255692657844
8907	0.00261761202217271
8969	0.006988267768031466
9018	0.0032828469662873234
9056	0.006803580038803165
9066	0.0029905846307597904
9267	0.004930103265419951
9321	0.001663115354223449
9322	0.007201474104434693
9324	0.004612578064170821
9354	0.004577560916713933
9375	0.003803554392235288
9381	0.0030580664749315684
9441	0.006988267768031466
9459	0.0021284912640267546
9530	0.00234464350877595
9605	0.0043253913433138535
9608	0.006988267768031466
9615	0.006640673916359275
9661	0.0039274972776823245
9701	0.0020155220979050383
9750	0.006640673916359275
9758	0.004510079072542156
9765	0.0005645947129398088
9895	0.0033958161324090397
9945	0.005934149236052407
9973	0.003671730554151769
9974	0.00816016835814164
9992	0.0026009479236578153
10004	0.003425561438950898
10007	0.0029158040707294632
10035	0.004040006711891698
10036	0.0029688030239753784
10047	0.002844860138528341
10054	0.0038849368905549955
10077	0.0024371218787020933
10079	0.0023309493033851093
10092	0.0028252413209970727
10186	0.0060295735143245195
10260	0.00816016835814164
10266	0.007762274292510111
10281	0.0052840855970208
10282	0.005844885785096218
10297	0.0056071991026220005
10302	0.00816016835814164
10342	0.0036188666630069858
10364	0.0060295735143245195
10370	0.004063650081570701
10424	0.0022972954911254003
10527	0.0031049558278637536
10552	0.0041121850069106266
10558	0.0030127147580060578
10635	0.002466867185243951
10638	0.005404431332337359
10654	0.004188338374443784
10699	0.0027680012859273243
10736	0.0008623440061417921
10739	0.0032559897448323463
10743	0.003046588372164609
10767	0.005934149236052407
10968	0.007762274292510111
11009	0.004886191531389272
11065	0.003425561438950898
11070	0.00816016835814164
11072	0.00522762455574554
11166	0.0029688030239753784
11271	0.006803580038803165
11295	0.0029905846307597904
11323	0.003338178482431982
11367	0.0032559897448323463
11388	0.003229644120736837
11482	0.0019010648092728938
11527	0.0037081301139631757
11589	0.004137106463955075
11602	0.007453643677834773
11679	0.0026260199717466222
11703	0.002481983220353702
11713	0.0039274972776823245
11718	0.0060295735143245195
12058	0.006363125586044307
12059	0.00816016835814164
12162	0.0034406774740606484
12168	0.002844860138528341
12274	0.003906053383863954
12390	0.0043253913433138535
12400	0.001463791473118876
12470	0.002936760584459786
12485	0.004930103265419951
12537	0.0025521274396412157
12539	0.004543408479160515
12542	0.005681979662652328
12557	0.0016971626967237745
12596	0.0052840855970208
12612	0.00399389899415723
12644	0.0008837142699223188
12717	0.00816016835814164
