t_index	tf-idf
2	0.0022533193301895655
43	0.002830519025581694
90	0.0026987601092996814
181	0.0038700087680510744
182	0.0053248143829030805
183	0.00372833916879179
184	0.0045339490632068016
188	0.0029278532003303042
191	0.005853882675859992
277	0.003195413249195514
278	0.005061236351082953
318	0.0034272211379715763
319	0.0034147956208709124
468	0.003439744111103604
517	0.008604573951618082
528	0.0018768287459503031
586	0.003937246950816919
665	0.004484816851596575
666	0.0035706921229043216
675	0.002983556671185528
685	0.00513221118636011
689	0.005366288685879878
739	0.0070789366429018395
743	0.004509193979901771
773	0.004835067094027015
876	0.0040621899556344465
880	0.0033660385228273947
891	0.006391118101147632
917	0.00180749784480998
991	0.003031508349736909
996	0.004559094006332924
1002	0.005911949834621875
1028	0.0027715323903248655
1059	0.004368219744327433
1082	0.002830519025581694
1107	0.0033660385228273947
1112	0.0033304235691394104
1126	0.005366288685879878
1128	0.003683778019248211
1174	0.004993282653678492
1198	0.006850451691619323
1208	0.0020356348996123422
1211	0.0036404268253895423
1216	0.004691125461813235
1258	0.00513221118636011
1276	0.006559344169385408
1486	0.0031113585324326304
1508	0.002110409072528378
1551	0.0038054880345349067
1558	0.003543629256557376
1705	0.0035706921229043216
1711	0.003101156127819498
1733	0.002301891011378255
1775	0.006747404913677251
1919	0.007666072094620632
1921	0.0070789366429018395
2095	0.006034831288618013
2096	0.006850451691619323
2119	0.004928103363382788
2147	0.002856481725903337
2227	0.004080864681845016
2307	0.005284390175912407
2339	0.0027387790184358243
2412	0.005640676988442026
2454	0.0028219577670574934
2526	0.00372833916879179
2529	0.007666072094620632
2554	0.004747154750624767
2566	0.002121382798813166
2609	0.003439744111103604
2623	0.004177662250677182
2690	0.0033304235691394104
2697	0.004437151494374635
2700	0.004610603985902096
2770	0.005743723766384098
2790	0.002491493688082883
2793	0.005972208717666614
2802	0.0028652306293789056
2999	0.007206738504148942
3193	0.004197746426050352
3200	0.002937003201814476
3201	0.00513221118636011
3204	0.004993282653678492
3226	0.003517017459042967
3227	0.003121626547815609
3321	0.005061236351082953
3352	0.002993032490626008
3359	0.006960610601095217
3368	0.005743723766384098
3594	0.006391118101147632
3604	0.003937246950816919
3608	0.005206488341096458
3736	0.0074978460263828576
3795	0.0028134421687957987
3966	0.005061236351082953
4092	0.004928103363382788
4107	0.005096329431620564
4114	0.0033902309688249
4127	0.004960360438042733
4173	0.005061236351082953
4192	0.00554387941960986
4202	0.005591544776831801
4227	0.005096329431620564
4269	0.0028740277364226203
4325	0.004584641285580454
4468	0.004345888318914959
4485	0.006850451691619323
4551	0.001749753800668112
4562	0.0027881645291485645
4810	0.0074978460263828576
4813	0.004238688948542851
4816	0.002491493688082883
4906	0.0024708021990813168
4927	0.002667451833849205
4942	0.00335407838533577
4947	0.0018120274106544342
5093	0.003920170094031024
5203	0.003837422516833041
5226	0.006960610601095217
5250	0.006100010578913717
5269	0.002667451833849205
5287	0.004080864681845016
5300	0.004509193979901771
5324	0.001999521255991502
5365	0.0026520249419609396
5469	0.007206738504148942
5533	0.004218086457667855
5647	0.005591544776831801
5688	0.004663831277698503
5699	0.007666072094620632
5715	0.002104950363316278
5736	0.0038700087680510744
5800	0.003080944834028256
5856	0.003669196448595265
5869	0.004368219744327433
5915	0.0021831246908181603
5923	0.003318726294190185
6022	0.006747404913677251
6118	0.005691369210815677
6190	0.001830275276579251
6293	0.0014887384154978144
6335	0.006747404913677251
6336	0.0031113585324326304
6461	0.004835067094027015
6483	0.006747404913677251
6503	0.0027715323903248655
6555	0.0027550717199030113
6561	0.003477913360345228
6566	0.0023647601914720618
6641	0.003989601506385339
6648	0.001830275276579251
6890	0.0027306945915978164
7098	0.006960610601095217
7099	0.004413842016319418
7207	0.0033660385228273947
7250	0.002166047834032265
7339	0.00477592437383049
7375	0.006100010578913717
7491	0.0032955857313310367
7643	0.005026898019266249
7646	0.007345667036830559
7650	0.003698493984151424
7655	0.002491493688082883
7663	0.004484816851596575
7719	0.0009315180475499371
7914	0.0036404268253895423
7930	0.0012644575098747781
7952	0.0023204932127363514
7991	0.0022061817108304208
7993	0.0030121545262355954
8005	0.0053248143829030805
8259	0.009420194354619393
8268	0.004368219744327433
8289	0.0041382362749721345
8347	0.008067338526330443
8386	0.0034650886256179436
8417	0.0044608063105709955
8419	0.0036404268253895423
8525	0.002584391122527969
8532	0.0023519867562319815
8551	0.006960610601095217
8587	0.0028049717463341653
8597	0.002621611243556565
8639	0.002955462030399221
8657	0.003937246950816919
8684	0.0019150741885965064
8691	0.0053248143829030805
8710	0.00554387941960986
8745	0.0034272211379715763
8794	0.005284390175912407
8811	0.005640676988442026
8870	0.005591544776831801
8877	0.003971958554614131
8929	0.004993282653678492
9252	0.003503876060666871
9266	0.0031319610233076253
9321	0.00191991993097854
9345	0.0074978460263828576
9359	0.005096329431620564
9387	0.004747154750624767
9412	0.004747154750624767
9418	0.0029278532003303042
9449	0.003920170094031024
9542	0.005026898019266249
9581	0.003971958554614131
9661	0.0045339490632068016
9764	0.0009792625948965975
9765	0.0006517747789084557
9768	0.002384114014973375
9860	0.003989601506385339
9958	0.0038213754381475635
9970	0.0032502870651142475
9992	0.003002564882457919
9999	0.0019443717241526654
10004	0.0039545084258477275
10007	0.0033660385228273947
10036	0.0034272211379715763
10040	0.003452366081097699
10072	0.005366288685879878
10077	0.0028134421687957987
10079	0.0026908752987607506
10085	0.002450375427228053
10093	0.006747404913677251
10196	0.0027715323903248655
10275	0.008067338526330443
10280	0.007345667036830559
10424	0.0026520249419609396
10565	0.010067588689382926
10584	0.00337808892636135
10591	0.00477592437383049
10693	0.004390867938095148
10717	0.006473016611115104
10736	0.0009955000659136863
10836	0.0029187553358896593
11008	0.006167964276318177
11071	0.0032614918190922086
11297	0.006850451691619323
11310	0.006238939111595334
11312	0.002667451833849205
11393	0.0037434736033316136
11416	0.002569742663000069
11470	0.001984290575579902
11482	0.002194611581292973
11497	0.005026898019266249
11505	0.0025917660589161993
11538	0.005061236351082953
11581	0.005096329431620564
11591	0.004323864922998829
11646	0.0044608063105709955
11899	0.0017067142435605739
11914	0.007345667036830559
11945	0.008960860764147701
12032	0.002301891011378255
12039	0.0025054385006458946
12150	0.004747154750624767
12162	0.003971958554614131
12176	0.00477592437383049
12226	0.003121626547815609
12325	0.0021379861119196503
12348	0.004238688948542851
12352	0.002621611243556565
12399	0.0029097090176997444
12400	0.0016898180976445845
12464	0.004323864922998829
12480	0.0032502870651142475
12576	0.005853882675859992
12597	0.007666072094620632
12644	0.0010201701498367946
12649	0.002423539990678423
12650	0.0034147956208709124
12657	0.0074978460263828576
12714	0.006559344169385408
