t_index	tf-idf
15	0.0024272840814202816
43	0.0025160169116281725
81	0.0037494101845936493
90	0.00239889787493305
165	0.004530070605884946
175	0.004098314654135196
179	0.004770034387448781
183	0.0033140792611482577
226	0.005308629971259212
303	0.00414562780239867
355	0.003354826452519493
528	0.0016682922186224917
563	0.004733168340358294
572	0.004697235711922139
579	0.00796520956813129
615	0.007648510179216074
661	0.0035463124501203015
662	0.005753792543213425
666	0.0031739485536927308
675	0.002652050374387136
697	0.005911650973195631
732	0.005911650973195631
733	0.00449887675651818
743	0.004008172426579352
763	0.0023641953389516974
833	0.007648510179216074
852	0.007648510179216074
853	0.0045619654989867645
880	0.0029920342425132397
885	0.004733168340358294
917	0.0016066647509422045
923	0.004352431186530068
1004	0.0036274352727511255
1035	0.0066647520234514295
1040	0.0039441346616663426
1057	0.004098314654135196
1060	0.0045619654989867645
1112	0.002960376505901698
1164	0.002441692966730919
1171	0.005203451267431104
1177	0.003786276231684137
1208	0.0018094532440998598
1211	0.0032359349559018154
1223	0.005997693256602002
1287	0.007648510179216074
1369	0.0054222316257010825
1388	0.004271308363899244
1421	0.002500837483374043
1481	0.008948967723895935
1486	0.002765652028829005
1508	0.0018759191755807806
1512	0.00505899485405838
1601	0.003594427668488623
1634	0.004169889299389542
1641	0.00421969311166646
1690	0.00449887675651818
1733	0.0020461253434473376
1818	0.0068142863063294515
1856	0.006405989781465727
1873	0.0030687698498646217
1939	0.0026436771169864814
1984	0.004468353794903333
2048	0.0017956066658539299
2065	0.004409209278260207
2095	0.005364294478771567
2109	0.004169889299389542
2267	0.0028792536832708744
2406	0.008948967723895935
2426	0.004098314654135196
2454	0.002508406904051105
2496	0.0020461253434473376
2498	0.005153647455154187
2515	0.00796520956813129
2526	0.0033140792611482577
2566	0.0018856735989450366
2633	0.003786276231684137
2704	0.0031739485536927308
2725	0.0039441346616663426
2811	0.003102970613518756
2896	0.0013873101409902042
3050	0.00796520956813129
3090	0.0011823763609661569
3179	0.002337031581302106
3201	0.0045619654989867645
3261	0.004846769994800163
3351	0.004030176945072713
3357	0.00505899485405838
3379	0.006089290392550509
3392	0.0026860463234059835
3699	0.005830528150564808
3770	0.006529481810516053
3862	0.005308629971259212
3863	0.00505899485405838
3917	0.0031618696466340253
3959	0.0019507658500381982
4072	0.004352431186530068
4094	0.0054222316257010825
4148	0.0038828619949577182
4166	0.002508406904051105
4185	0.0022585269808103807
4207	0.005911650973195631
4224	0.00796520956813129
4227	0.004530070605884946
4234	0.005680993867686784
4309	0.0032744693504428543
4388	0.006981451412366646
4528	0.002303792052369955
4551	0.0015553367117049886
4562	0.0024783684703542797
4599	0.004438473469936438
4641	0.00993272587966058
4646	0.006187209423195748
4700	0.006187209423195748
4704	0.0068142863063294515
4907	0.005753792543213425
4947	0.0016106910316928305
5048	0.002470957158407149
5259	0.004409209278260207
5269	0.002371068296754849
5300	0.004008172426579352
5324	0.001777352227548002
5346	0.006981451412366646
5362	0.004245266110071547
5413	0.008948967723895935
5426	0.005545723654751408
5434	0.0017459612446282067
5485	0.005105532236785865
5489	0.003923415125617261
5499	0.0018710669896144696
5567	0.006981451412366646
5605	0.0034547153141717937
5675	0.004733168340358294
5715	0.0018710669896144696
5736	0.0034400077938231775
5951	0.0039441346616663426
5991	0.008373506092995016
6084	0.00561174779229483
6098	0.003354826452519493
6258	0.004733168340358294
6287	0.00505899485405838
6293	0.0013233230359980571
6324	0.004271308363899244
6431	0.0035463124501203015
6497	0.007648510179216074
6503	0.0024635843469554357
6512	0.004352431186530068
6523	0.0029920342425132397
6545	0.0018328353711839667
6555	0.0024489526399137877
6684	0.0034400077938231775
6708	0.004380536323006922
6735	0.00497026202385049
6879	0.003114556498370552
6918	0.0035782073432221195
6994	0.006089290392550509
7020	0.006529481810516053
7134	0.002377974699739813
7160	0.008948967723895935
7227	0.008373506092995016
7244	0.0029396569698526167
7247	0.004770034387448781
7250	0.0019253758524731244
7273	0.008948967723895935
7278	0.005997693256602002
7420	0.0019818458441233054
7462	0.006187209423195748
7472	0.005753792543213425
7482	0.005013935100837357
7483	0.004807883644147523
7494	0.0066647520234514295
7565	0.00414562780239867
7665	0.0025546913212645514
7666	0.003986503868085845
7713	0.0036958467329983253
7715	0.004098314654135196
7768	0.008373506092995016
7827	0.0037494101845936493
7828	0.0066647520234514295
7830	0.004121774081021221
7837	0.0045619654989867645
7897	0.00993272587966058
7914	0.0032359349559018154
7932	0.006529481810516053
7941	0.004438473469936438
7991	0.001961050409627041
7993	0.0026774706899871962
8042	0.0036442314807655406
8061	0.008373506092995016
8167	0.00561174779229483
8196	0.006529481810516053
8270	0.002470957158407149
8379	0.004594593671884153
8387	0.0011616568249170752
8388	0.008373506092995016
8512	0.007389747937230371
8532	0.002090654894428428
8639	0.0026270773603548634
8654	0.0032359349559018154
8708	0.008373506092995016
8745	0.003046418789308068
8757	0.0009721406583233276
8781	0.006292388127023857
8820	0.005830528150564808
8837	0.007170967578960394
8907	0.0026860463234059835
8929	0.004438473469936438
8946	0.004846769994800163
8961	0.00796520956813129
8990	0.0023169945942057074
9015	0.008948967723895935
9033	0.0054222316257010825
9050	0.006981451412366646
9252	0.003114556498370552
9265	0.004030176945072713
9300	0.003341113659729924
9321	0.0017065954942031467
9380	0.003986503868085845
9392	0.0032108146007832176
9459	0.0021841380944588266
9485	0.004770034387448781
9495	0.00796520956813129
9547	0.004194572756547862
9579	0.007170967578960394
9666	0.007170967578960394
9689	0.007648510179216074
9695	0.002434470238609622
9701	0.002068215486085562
9755	0.007648510179216074
9765	0.0005793553590297384
9785	0.004770034387448781
9849	0.005153647455154187
9898	0.0037134775561574952
9910	0.004271308363899244
9983	0.00796520956813129
9991	0.0036274352727511255
9998	0.008948967723895935
9999	0.001728330421469036
10040	0.0030687698498646217
10075	0.008373506092995016
10080	0.0054222316257010825
10085	0.0021781114908693807
10096	0.004662190400184319
10196	0.0024635843469554357
10222	0.005753792543213425
10242	0.0030575503209809814
10339	0.00993272587966058
10358	0.006981451412366646
10485	0.004807883644147523
10486	0.004927892817430986
10488	0.008948967723895935
10502	0.0034400077938231775
10557	0.003499775067392817
10558	0.003091478542529092
10561	0.0039651611649519965
10567	0.005013935100837357
10600	0.0040752366982937365
10646	0.006187209423195748
10736	0.0008848889474788323
10739	0.003341113659729924
10766	0.00993272587966058
10845	0.00449887675651818
10876	0.0025864080157331063
10886	0.007648510179216074
10892	0.003610835516119508
10909	0.005255066519663888
10946	0.004733168340358294
11037	0.0019818458441233054
11061	0.004098314654135196
11152	0.006089290392550509
11204	0.004807883644147523
11210	0.0039651611649519965
11223	0.00993272587966058
11312	0.002371068296754849
11440	0.005911650973195631
11470	0.001763813844959913
11473	0.007648510179216074
11540	0.006405989781465727
11545	0.00561174779229483
11546	0.0031984192118383187
11556	0.004662190400184319
11565	0.004194572756547862
11589	0.004245266110071547
11619	0.0031618696466340253
11639	0.003661228845751841
11899	0.001517079327609399
12039	0.002227056445018573
12144	0.007648510179216074
12145	0.005830528150564808
12154	0.004662190400184319
12193	0.004927892817430986
12209	0.00505899485405838
12226	0.002774779153613875
12295	0.006187209423195748
12352	0.0023303211053836135
12399	0.0025864080157331063
12400	0.0015020605312396308
12423	0.0031262377413715263
12451	0.008373506092995016
12536	0.0033140792611482577
12585	0.0033967781672422787
12639	0.00993272587966058
12644	0.0009068179109660396
12649	0.0021542577694919317
12650	0.003035373885218589
12697	0.007648510179216074
12701	0.00796520956813129
