t_index	tf-idf
55	0.003813289187697747
154	0.00787242117722294
189	0.0031982974718467575
239	0.004338846292590536
249	0.004397315048297062
432	0.003208292654190913
630	0.006108032848587347
660	0.004263817324848551
666	0.0039005150900802226
673	0.004952747571053212
763	0.0029053966816032905
830	0.005491229964820962
917	0.001974455477061504
993	0.007165227365754341
1022	0.009788570794570982
1129	0.0031491631087262285
1161	0.0061617033769326545
1164	0.003000634730199442
1182	0.006005405922995428
1302	0.004699527708615104
1456	0.007264920473083787
1488	0.003455570971417541
1508	0.0023053464567378266
1525	0.007264920473083787
1558	0.003870952440898017
1771	0.009788570794570982
1906	0.006815226660055946
1939	0.0032488562160556756
1942	0.006333398077418398
1991	0.004191883231239305
1994	0.004358118914605671
2048	0.0022066491556277205
2077	0.0035383599481160137
2098	0.0033655300998220307
2112	0.012206482406329867
2118	0.004771709921514304
2157	0.003259146243222745
2318	0.007264920473083787
2334	0.0065922655040325275
2348	0.006217078013421142
2349	0.008024182465935389
2420	0.0028150908657491253
2421	0.004723258068496712
2446	0.0058619699701177785
2483	0.002435521398802134
2510	0.007483224337833156
2616	0.008024182465935389
2622	0.004377606877635439
2700	0.005036483068937229
2708	0.010997526600450424
2722	0.010997526600450424
2822	0.0047473157539954566
2881	0.005646368126893777
2885	0.004563550731663427
2896	0.0017048871612168773
2983	0.005249077748406299
3004	0.008190418149301755
3063	0.008374183171633782
3086	0.009399373955181197
3147	0.00521707401478672
3202	0.004191883231239305
3278	0.004499341473092623
3420	0.0022066491556277205
3465	0.004139815049856303
3552	0.006108032848587347
3587	0.006523858518896863
3604	0.0043009283960731
3617	0.0043009283960731
3662	0.005314902713017421
3698	0.006108032848587347
3772	0.006458033554285742
3805	0.006055964667204344
3825	0.004499341473092623
3826	0.004723258068496712
3856	0.0031013750633458767
3882	0.002189797289789937
3945	0.009081376983102383
3959	0.0023973267072758576
4158	0.006896364756796055
4163	0.007165227365754341
4172	0.006896364756796055
4188	0.004653014164238336
4205	0.010997526600450424
4227	0.005567074720485114
4274	0.007370659182812098
4294	0.006108032848587347
4394	0.004980215139448013
4495	0.0056874089509166125
4517	0.005567074720485114
4536	0.004056346752975612
4596	0.007483224337833156
4723	0.004397315048297062
4786	0.004358118914605671
4815	0.010997526600450424
4835	0.0039005150900802226
4893	0.007070925775997221
4917	0.007483224337833156
4936	0.004899077042707905
4944	0.004630214433749619
4947	0.001979403436538177
5052	0.00857961498869154
5189	0.0058166647074282644
5365	0.0028969911012585365
5376	0.005094626937887522
5386	0.009081376983102383
5434	0.002145639119904543
5465	0.0028311661366474143
5466	0.007732814324776306
5489	0.004821546298951332
5499	0.0022993835294057336
5649	0.009081376983102383
5673	0.00361259049307189
5753	0.008374183171633782
5805	0.012206482406329867
5854	0.009081376983102383
5869	0.004771709921514304
5880	0.007165227365754341
5968	0.009399373955181197
5990	0.006108032848587347
6030	0.004952747571053212
6031	0.005956271559874899
6069	0.012206482406329867
6081	0.008812514374144096
6120	0.007370659182812098
6178	0.009399373955181197
6190	0.001999336848311471
6296	0.006981462343422312
6333	0.00259725769444366
6359	0.008024182465935389
6360	0.008374183171633782
6523	0.003676957743811451
6545	0.002252400094708007
6546	0.006055964667204344
6551	0.005094626937887522
6555	0.0030095562562795944
6611	0.004072723911290629
6645	0.010997526600450424
6742	0.0027912523915302264
6842	0.0056874089509166125
6891	0.00240996556363805
6896	0.009788570794570982
6959	0.010290332788981825
6988	0.006108032848587347
7116	0.0032386265413011373
7283	0.006663465371343498
7287	0.0032386265413011373
7297	0.009081376983102383
7337	0.003421258627870177
7441	0.009399373955181197
7446	0.009399373955181197
7638	0.0020814298613337384
7719	0.001017561883267401
7827	0.004607708901548821
7830	0.005065312726074271
7842	0.004796450117115985
7941	0.0054545095654640555
7991	0.00240996556363805
8006	0.010290332788981825
8066	0.005528740110419932
8177	0.006523858518896863
8186	0.005908483514494546
8223	0.007370659182812098
8387	0.0014275782667655622
8390	0.004227479457469446
8525	0.0028231099812353715
8587	0.0030640655220999713
8654	0.0039766911506263275
8724	0.00521707401478672
8736	0.010997526600450424
8745	0.00374379176517377
8757	0.001194678881313005
8760	0.0038418825255409116
8785	0.0039005150900802226
8802	0.005124442271538955
8816	0.006217078013421142
8817	0.006981462343422312
8866	0.008812514374144096
8946	0.005956271559874899
8951	0.004771709921514304
8990	0.0028473909470961697
9259	0.007732814324776306
9289	0.007070925775997221
9301	0.005729438805045789
9321	0.002097261932635192
9324	0.0058166647074282644
9409	0.006663465371343498
9507	0.006055964667204344
9533	0.008812514374144096
9599	0.005491229964820962
9695	0.002991758606484113
9719	0.0037302185095457355
9720	0.003409969562272472
9756	0.00521707401478672
9765	0.0007119788749522086
9766	0.006815226660055946
9870	0.0041569989774839135
9958	0.004174353892273643
9987	0.003208292654190913
9992	0.0032799102330464012
9999	0.002123972325178815
10036	0.00374379176517377
10074	0.006217078013421142
10085	0.0026767153261286363
10272	0.008024182465935389
10424	0.0028969911012585365
10436	0.005956271559874899
10486	0.006055964667204344
10558	0.003799166401662257
10610	0.010997526600450424
10633	0.004653014164238336
10635	0.0031108284986610464
10730	0.003354594925783985
10736	0.0010874538872631431
10880	0.006108032848587347
10906	0.004245553759584613
10979	0.0058166647074282644
11003	0.009081376983102383
11009	0.0061617033769326545
11037	0.002435521398802134
11059	0.006055964667204344
11176	0.0033876083002686882
11367	0.0041059469071379785
11369	0.002744531172622548
11416	0.0028071084511486696
11554	0.0047473157539954566
11639	0.004499341473092623
11704	0.010997526600450424
11825	0.00521707401478672
11888	0.00787242117722294
11899	0.0018643625471826345
11960	0.010997526600450424
12032	0.0025145154823087764
12162	0.004338846292590536
12176	0.00521707401478672
12177	0.005567074720485114
12226	0.003409969562272472
12244	0.004585490071830103
12273	0.0031203334515891874
12317	0.004723258068496712
12325	0.002335470772860019
12399	0.00317847732053948
12400	0.0018459057130896666
12450	0.0032694973391577276
12470	0.0037033848334151517
12566	0.002618571457178344
12573	0.005314902713017421
12644	0.0011144027339582655
12667	0.009399373955181197
12705	0.008812514374144096
