t_index	tf-idf
2	0.0015878312378537873
14	0.0017854044063263582
154	0.005078323505514281
175	0.0032489230159724615
179	0.003781426224246961
180	0.003518582595338212
249	0.00283660996638852
303	0.003286430330398946
318	0.0024150366568089867
353	0.007874129842425226
363	0.004561296679334996
384	0.003940155904917746
463	0.005283456267295692
528	0.0013225321733121307
632	0.005283456267295692
644	0.003974777566985055
646	0.003365418211611123
666	0.0025161353819429418
688	0.0025355344010946257
713	0.005078323505514281
750	0.0036688207999436184
763	0.0018742066676663716
768	0.0034953835211078326
787	0.0020631504416835306
810	0.006638064415690349
858	0.006063326722383727
905	0.003542270106840466
910	0.007094259387337192
916	0.0024150366568089867
917	0.001273677237793561
991	0.0021361924122498426
1025	0.004622128533867438
1088	0.003591195868913973
1097	0.0055345184771611235
1129	0.0020314549587379044
1152	0.007874129842425226
1161	0.003974777566985055
1162	0.004827261295648849
1164	0.0019356426109317646
1178	0.0024970651756051976
1208	0.0014344370277061065
1217	0.004827261295648849
1396	0.0035664670660480913
1447	0.002972330353589784
1448	0.006314388932249158
1462	0.004346337521136125
1486	0.0021924598985017503
1488	0.0022291118442563933
1508	0.001487127636600308
1593	0.007094259387337192
1733	0.001622057914753589
1882	0.003286430330398946
1906	0.004396350876564588
1971	0.006314388932249158
2098	0.0021710284840820875
2110	0.0027040904781828684
2120	0.004686438336263895
2157	0.002102402628400165
2209	0.002902424939896537
2229	0.004125015771590461
2250	0.004686438336263895
2254	0.002888950344855584
2334	0.004252523602342227
2348	0.004010498511248353
2363	0.003695933322425911
2387	0.004686438336263895
2412	0.003974777566985055
2420	0.0018159523978537107
2454	0.001988529825491291
2483	0.0015711005914552628
2609	0.0024238611352854415
2617	0.003781426224246961
2630	0.003177463115371196
2633	0.0030015557691589275
2652	0.002648654870148593
2664	0.006063326722383727
2717	0.0025652748614143927
2745	0.004622128533867438
2751	0.004125015771590461
2777	0.0035664670660480913
2790	0.0017556639460065914
2819	0.0055345184771611235
2861	0.002972330353589784
2867	0.003695933322425911
2895	0.007874129842425226
2896	0.0010997847231684003
2942	0.002875635216222395
2943	0.005858193960602315
2951	0.0034953835211078326
3003	0.0026272234557289296
3047	0.005401998988955472
3090	0.0009373242654291295
3173	0.002715513066019799
3181	0.003177463115371196
3198	0.0026595256333444683
3200	0.002069598111123154
3204	0.003518582595338212
3217	0.006063326722383727
3220	0.004346337521136125
3278	0.002902424939896537
3282	0.006063326722383727
3327	0.004622128533867438
3420	0.0014234602066095922
3427	0.002616658915779605
3429	0.004448691255031653
3460	0.0031102720944012484
3503	0.003811431075412285
3541	0.004010498511248353
3546	0.004085533992946065
3587	0.004208395780324661
3631	0.0036688207999436184
3660	0.006638064415690349
3681	0.0025453607975120846
3703	0.003518582595338212
3709	0.004346337521136125
3725	0.004396350876564588
3745	0.0056847566817665295
3794	0.002025221617375525
3795	0.001982529196664397
3820	0.004125015771590461
3825	0.002902424939896537
3826	0.0030468685467763767
3856	0.002000627955370786
3882	0.001412589443413716
3888	0.005176221331652622
3914	0.004010498511248353
3946	0.004827261295648849
3959	0.0015464620469214732
3966	0.0035664670660480913
4148	0.003078123757660782
4163	0.004622128533867438
4173	0.0035664670660480913
4229	0.0025855477565230886
4253	0.003126697426087826
4269	0.002025221617375525
4284	0.006063326722383727
4317	0.006638064415690349
4372	0.0034953835211078326
4373	0.004754648022073089
4473	0.003940155904917746
4501	0.005283456267295692
4516	0.0036164804214765542
4536	0.002616658915779605
4551	0.0012329871341495505
4562	0.001964716973907797
4642	0.0024970651756051976
4644	0.0037237153571196236
4667	0.0018263221969564928
4685	0.0037237153571196236
4723	0.00283660996638852
4816	0.0017556639460065914
4859	0.005176221331652622
4947	0.001276869056212451
4955	0.006638064415690349
4958	0.005401998988955472
4995	0.007874129842425226
5010	0.003974777566985055
5019	0.004561296679334996
5047	0.006638064415690349
5048	0.001958841685162144
5064	0.004448691255031653
5139	0.007874129842425226
5189	0.0037522008086778185
5203	0.0027040904781828684
5207	0.002849468566211188
5214	0.004827261295648849
5269	0.0018796551782564346
5279	0.0033860631071325614
5292	0.0036423462787475405
5376	0.003286430330398946
5381	0.007094259387337192
5489	0.0031102720944012484
5495	0.0015065601617672147
5499	0.0014832810850311598
5523	0.007874129842425226
5528	0.002986848170993926
5544	0.002637888134990153
5612	0.004396350876564588
5675	0.0037522008086778185
5688	0.003286430330398946
5715	0.0014832810850311598
5736	0.0027270528106473893
5786	0.0021293527848762457
5839	0.00306238762369137
5873	0.004252523602342227
5890	0.004904886226678495
5911	0.0056847566817665295
5913	0.00390656788117586
5915	0.0015383676577786002
5960	0.00390656788117586
5975	0.006314388932249158
6111	0.002355130442179096
6115	0.004904886226678495
6190	0.00128972765603512
6253	0.004396350876564588
6273	0.0056847566817665295
6360	0.005401998988955472
6439	0.004298453050426246
6540	0.007874129842425226
6545	0.001452973118088844
6550	0.006063326722383727
6551	0.003286430330398946
6555	0.0019413976886363188
6561	0.0024507576010722853
6566	0.0016663595131616602
6629	0.004561296679334996
6641	0.0028113254138259387
6657	0.005283456267295692
6666	0.0021781270264811256
6695	0.0021499976803976847
6700	0.0018159523978537107
6742	0.0018005747292513638
6808	0.005858193960602315
6811	0.007874129842425226
6824	0.0055345184771611235
6879	0.0024690525608844272
6891	0.001554615091569623
7059	0.006638064415690349
7073	0.006063326722383727
7095	0.003177463115371196
7099	0.0031102720944012484
7210	0.004561296679334996
7213	0.0056847566817665295
7244	0.002330401639313214
7250	0.0015263342250175546
7263	0.001958841685162144
7275	0.003781426224246961
7283	0.004298453050426246
7298	0.0025453607975120846
7420	0.0015711005914552628
7449	0.002322278028295446
7476	0.005176221331652622
7492	0.003811431075412285
7501	0.0022291118442563933
7638	0.0013426840297204687
7641	0.004503585812207658
7666	0.0031602854498297113
7677	0.006638064415690349
7689	0.0032126258282967756
7719	0.000656406499827935
7767	0.0019242200230948346
7775	0.005858193960602315
7791	0.004686438336263895
7827	0.002972330353589784
7842	0.0030940831066369958
7928	0.0024150366568089867
7929	0.0012391521645779304
7930	0.0008910166908962168
7952	0.0016351662017209522
7976	0.007094259387337192
7991	0.001554615091569623
7999	0.0036688207999436184
8005	0.0037522008086778185
8027	0.0024876499303847473
8094	0.0020631504416835306
8144	0.007094259387337192
8157	0.007094259387337192
8164	0.0056847566817665295
8181	0.005078323505514281
8270	0.001958841685162144
8290	0.0056847566817665295
8296	0.0023142126515489614
8387	0.000920898933742552
8419	0.0025652748614143927
8438	0.003781426224246961
8443	0.005283456267295692
8457	0.0056847566817665295
8501	0.004125015771590461
8525	0.001821125350589657
8532	0.0016573585432515517
8534	0.0024417204823007272
8542	0.005176221331652622
8602	0.0017605664166742204
8671	0.0034726531472541924
8679	0.0037522008086778185
8682	0.005401998988955472
8684	0.0013494823297882119
8712	0.005283456267295692
8753	0.0038422580787794043
8755	0.004904886226678495
8757	0.0007706607291371458
8797	0.002298253302572748
8836	0.00387395356172503
8845	0.0026595256333444683
8866	0.0056847566817665295
8870	0.003940155904917746
8872	0.004396350876564588
8873	0.004047390840560815
8917	0.0024327553732087417
8977	0.004010498511248353
8994	0.0030015557691589275
9129	0.006063326722383727
9194	0.006063326722383727
9248	0.003518582595338212
9301	0.003695933322425911
9302	0.005078323505514281
9321	0.0013528969461817691
9327	0.0033860631071325614
9329	0.004165933562220596
9395	0.005858193960602315
9400	0.0027040904781828684
9406	0.004827261295648849
9432	0.0022669980916883424
9472	0.004298453050426246
9506	0.004561296679334996
9508	0.0034953835211078326
9530	0.0019073006781234413
9559	0.004988266235412695
9592	0.0056847566817665295
9599	0.003542270106840466
9695	0.0019299168212812028
9765	0.00045928170948989627
9766	0.004396350876564588
9859	0.0019706231042054614
9864	0.0030940831066369958
9898	0.0029438449020315893
9992	0.0021157970156180156
10004	0.002786596610960057
10035	0.003286430330398946
10036	0.0024150366568089867
10077	0.001982529196664397
10085	0.0017266894202228771
10092	0.002298253302572748
10136	0.004165933562220596
10218	0.003407093910816964
10314	0.004561296679334996
10342	0.0029438449020315893
10353	0.005858193960602315
10484	0.003940155904917746
10485	0.003811431075412285
10486	0.00390656788117586
10545	0.007874129842425226
10559	0.00387395356172503
10599	0.006314388932249158
10600	0.0032306280561603196
10608	0.003325231252600119
10703	0.004208395780324661
10736	0.0007014922744262245
10781	0.0023468269709997916
10876	0.0020503649036640688
10994	0.0027623996517524316
11009	0.003974777566985055
11015	0.0019073006781234413
11037	0.0015711005914552628
11165	0.0022825171686033357
11210	0.003143366104858318
11313	0.0036688207999436184
11367	0.002648654870148593
11369	0.0017704359118730947
11388	0.0026272234557289296
11389	0.0021924598985017503
11393	0.002637888134990153
11416	0.0018108031200414997
11419	0.002972330353589784
11505	0.0018263221969564928
11554	0.00306238762369137
11573	0.0056847566817665295
11637	0.005078323505514281
11639	0.002902424939896537
11646	0.003143366104858318
11753	0.005078323505514281
11834	0.005401998988955472
11895	0.007874129842425226
11899	0.001202658741576363
11901	0.003177463115371196
11949	0.007094259387337192
12176	0.003365418211611123
12177	0.003591195868913973
12181	0.004346337521136125
12182	0.005283456267295692
12193	0.00390656788117586
12226	0.002199695391206854
12325	0.0015065601617672147
12340	0.002595822852941745
12345	0.005401998988955472
12352	0.0018473530006408957
12422	0.0024417204823007272
12450	0.0021090798897675503
12470	0.002388971045389567
12487	0.002214307482794141
12500	0.004754648022073089
12557	0.0013805934890447284
12566	0.0016891821057963931
12581	0.004208395780324661
12644	0.0007188763750145288
12669	0.0028624758236595062
