t_index	tf-idf
14	0.0017315731176934027
15	0.0018662033389814224
28	0.007636718892402355
74	0.002558353819362309
81	0.002882712352979037
90	0.0018443787681646064
152	0.004611291800302042
155	0.00454513868793433
293	0.003532526792956157
315	0.003048591247425404
319	0.002333729670544945
352	0.006880362119377276
392	0.002221301712841898
393	0.0033463415655231176
468	0.0023507798950255787
528	0.0012826568314032222
636	0.0023681007692665343
645	0.006880362119377276
660	0.002667564105244446
688	0.0024590861276947876
763	0.0018176979239176367
764	0.005681564996966064
773	0.003304367461244593
788	0.004040327525168718
798	0.0033899950732352345
903	0.005124156078332004
905	0.003435467993066381
916	0.002342221481226806
917	0.0012352749090158658
933	0.005367648573327119
983	0.00523912464757993
1004	0.0027889326468890563
1050	0.0041243068103118076
1129	0.0019702050604845
1164	0.001877281527185078
1245	0.0015901355244778443
1246	0.004040327525168718
1273	0.0020520041407752613
1367	0.006124005346352198
1486	0.0021263555799539585
1508	0.0014422896174063288
1521	0.003889578958145388
1525	0.00454513868793433
1623	0.0034589353957149827
1703	0.007636718892402355
1732	0.007636718892402355
1733	0.0015731516459670486
1743	0.003304367461244593
1770	0.003435467993066381
1858	0.004423770146289719
1873	0.002359405964971292
1899	0.0029550031634564856
1900	0.0024496385174603485
1920	0.006124005346352198
1934	0.006437921769991142
1990	0.004423770146289719
1994	0.0027265618335095784
2048	0.001380541808420358
2062	0.006437921769991142
2098	0.0021055703388333812
2110	0.0026225601120065003
2234	0.003726411101529774
2261	0.0026225601120065003
2267	0.002213697555479617
2300	0.007636718892402355
2314	0.007636718892402355
2318	0.00454513868793433
2339	0.0018717283744084025
2341	0.003435467993066381
2343	0.003016495046328849
2365	0.005513356982818795
2420	0.0017612000642500813
2458	0.00324428666374356
2483	0.0015237307243762097
2564	0.004482767874554852
2630	0.0030816602073700542
2652	0.0025687959293400923
2685	0.003889578958145388
2695	0.0033463415655231176
2786	0.005124156078332004
2802	0.001958147565806689
2896	0.0010666253847814134
2899	0.004681715728945869
2915	0.003032425141884173
2942	0.0027889326468890563
2973	0.0023004082367061593
3065	0.0024590861276947876
3068	0.005367648573327119
3090	0.000909063232300613
3111	0.004482767874554852
3147	0.003263948315783652
3152	0.0031873419787286257
3212	0.00523912464757993
3216	0.0032839707521436397
3220	0.004215292168740061
3285	0.00275108403775369
3345	0.0024496385174603485
3351	0.003098578254251884
3356	0.0028018463143574257
3379	0.004681715728945869
3420	0.001380541808420358
3431	0.0033899950732352345
3469	0.0037571509417735215
3602	0.005880512851357082
3604	0.002690781835734176
3617	0.002690781835734176
3671	0.006124005346352198
3681	0.0024686162508534286
3695	0.005367648573327119
3717	0.0030816602073700542
3723	0.003325152702365171
3725	0.004263797583803846
3753	0.004263797583803846
3794	0.001964159659062695
3801	0.003962352063510506
3825	0.002814914640201164
3870	0.006880362119377276
3882	0.0013699988069288804
3900	0.005513356982818795
3937	0.0035582030873825042
3938	0.005681564996966064
3966	0.0034589353957149827
3971	0.0041243068103118076
4003	0.005367648573327119
4016	0.005880512851357082
4102	0.003098578254251884
4114	0.0023169417676391275
4175	0.002430985205703547
4185	0.001736455417406976
4234	0.004367799305306925
4241	0.0024590861276947876
4263	0.00178651888376231
4269	0.001964159659062695
4279	0.005367648573327119
4295	0.0029110566002395625
4324	0.002430985205703547
4325	0.00313322218512031
4372	0.0033899950732352345
4381	0.004681715728945869
4391	0.001860706137604097
4396	0.003532526792956157
4401	0.0031873419787286257
4473	0.0038213572344177127
4478	0.007636718892402355
4487	0.0036674133732646406
4551	0.0011958116426676545
4564	0.004314559860407583
4583	0.00523912464757993
4605	0.003224973023878507
4613	0.00523912464757993
4644	0.003611442532281846
4667	0.001771257206093483
4697	0.0036965135555506084
4719	0.007636718892402355
4723	0.00275108403775369
4816	0.0017027293546697092
4851	0.004314559860407583
4877	0.003016495046328849
4906	0.001688588437563111
4947	0.001238370491703533
5010	0.0038549350272769627
5189	0.0036390691260041155
5194	0.002206146022465232
5207	0.0027635549410992928
5214	0.004681715728945869
5263	0.005124156078332004
5269	0.001822982157806492
5279	0.0032839707521436397
5288	0.002814914640201164
5374	0.006880362119377276
5376	0.0031873419787286257
5399	0.002667564105244446
5401	0.004367799305306925
5434	0.001342372213206611
5487	0.004681715728945869
5495	0.0014611362372918212
5534	0.0031690021828957127
5544	0.002558353819362309
5605	0.0026561379048657507
5630	0.004000643436768638
5631	0.004000643436768638
5678	0.00454513868793433
5858	0.0033899950732352345
5859	0.003962352063510506
5861	0.0037571509417735215
5915	0.0014919847133229639
6031	0.003726411101529774
6066	0.005124156078332004
6098	0.00257933893083157
6118	0.003889578958145388
6139	0.004423770146289719
6190	0.0012508413950491363
6273	0.005513356982818795
6298	0.0024590861276947876
6333	0.001624917502302692
6336	0.0021263555799539585
6474	0.0041243068103118076
6489	0.0038213572344177127
6500	0.0020987289862316894
6503	0.0018941125883627221
6510	0.005681564996966064
6528	0.005124156078332004
6566	0.0016161175177899518
6611	0.0025480106882195147
6648	0.0012508413950491363
6666	0.0021124548548284282
6684	0.002644830112838925
6716	0.0026115932642616514
6742	0.0017462860439473025
6748	0.005513356982818795
6765	0.0023086436883675556
6891	0.0015077422747383782
6949	0.004925208223940986
7064	0.0036390691260041155
7116	0.0020261759014672948
7134	0.0018282921058301075
7170	0.006880362119377276
7175	0.0038549350272769627
7210	0.004423770146289719
7244	0.0022601382733037703
7275	0.0036674133732646406
7298	0.0024686162508534286
7337	0.002140435674220287
7392	0.0025075915427585733
7420	0.0015237307243762097
7477	0.005681564996966064
7507	0.004168851450915907
7508	0.006124005346352198
7612	0.0028415304027575063
7625	0.003962352063510506
7666	0.003065000461392634
7719	0.000636615349079354
7767	0.0018662033389814224
7807	0.00523912464757993
7833	0.00454513868793433
7844	0.004423770146289719
7930	0.0008641518660450745
7952	0.0015858647082017275
7954	0.00523912464757993
7991	0.0015077422747383782
7999	0.0035582030873825042
8023	0.005513356982818795
8094	0.0020009449007282482
8181	0.004925208223940986
8236	0.007636718892402355
8268	0.002985316006173522
8270	0.0018997811318406724
8289	0.002828141373850303
8296	0.0022444373957233644
8345	0.002644830112838925
8387	0.0008931331367452891
8390	0.002644830112838925
8438	0.0036674133732646406
8443	0.005124156078332004
8457	0.005513356982818795
8468	0.006437921769991142
8485	0.0033899950732352345
8501	0.004000643436768638
8525	0.001766217048561828
8527	0.0023169417676391275
8534	0.0023681007692665343
8541	0.003962352063510506
8544	0.004423770146289719
8568	0.006437921769991142
8577	0.007636718892402355
8602	0.0017074840121513797
8681	0.004367799305306925
8757	0.0007474247272536138
8797	0.002228959233148444
8802	0.003205995290485427
8818	0.0026115932642616514
8870	0.0038213572344177127
8907	0.0020651511933724395
8917	0.002359405964971292
8942	0.006124005346352198
8990	0.001781407904087805
9005	0.0031157627379963704
9052	0.005880512851357082
9055	0.006880362119377276
9058	0.0027145043388317677
9155	0.0037571509417735215
9183	0.002325303434344976
9184	0.002221301712841898
9265	0.003098578254251884
9298	0.002925509687900596
9300	0.0025687959293400923
9321	0.0013121060834828213
9324	0.0036390691260041155
9327	0.0032839707521436397
9329	0.004040327525168718
9332	0.006437921769991142
9373	0.001096155142100389
9392	0.0024686162508534286
9395	0.005681564996966064
9417	0.0033679500372867295
9506	0.004423770146289719
9528	0.004215292168740061
9569	0.003150965538103945
9599	0.003435467993066381
9657	0.004611291800302042
9661	0.003098578254251884
9701	0.0015901355244778443
9764	0.0006692447884720466
9765	0.00044543401975653254
9766	0.004263797583803846
9859	0.0019112073322193673
9870	0.002600735541189685
9928	0.0036965135555506084
9970	0.002221301712841898
9996	0.004423770146289719
10002	0.0037571509417735215
10036	0.002342221481226806
10040	0.002359405964971292
10047	0.0022444373957233644
10077	0.0019227544470162242
10212	0.00454513868793433
10234	0.0028967924472453653
10283	0.005020154356828925
10285	0.0041243068103118076
10287	0.0023004082367061593
10342	0.0028550857592567675
10348	0.0041243068103118076
10393	0.005020154356828925
10415	0.003611442532281846
10424	0.0018124391563150142
10443	0.0040815094753902485
10484	0.0038213572344177127
10492	0.004925208223940986
10519	0.005681564996966064
10527	0.0024496385174603485
10552	0.00324428666374356
10558	0.0023768654120952313
10599	0.006124005346352198
10609	0.0029401567825255302
10633	0.0029110566002395625
10716	0.002333729670544945
10736	0.000680341753589253
10884	0.004681715728945869
10925	0.0036674133732646406
10994	0.0026791112200413025
11008	0.004215292168740061
11046	0.002558353819362309
11056	0.003325152702365171
11074	0.004837866248415327
11176	0.002119383082328903
11234	0.0029700543285046954
11260	0.002032575873863978
11263	0.002527613979118561
11281	0.005020154356828925
11313	0.0035582030873825042
11369	0.0017170559346306898
11388	0.0025480106882195147
11389	0.0021263555799539585
11412	0.005681564996966064
11414	0.007636718892402355
11416	0.0017562060410452735
11429	0.007636718892402355
11449	0.004215292168740061
11505	0.001771257206093483
11538	0.0034589353957149827
11548	0.006880362119377276
11556	0.003584498146875381
11583	0.006880362119377276
11611	0.006880362119377276
11639	0.002814914640201164
11671	0.0015689466613198974
11692	0.005880512851357082
11899	0.0011663976739911459
11926	0.004040327525168718
12004	0.005880512851357082
12032	0.0015731516459670486
12080	0.004314559860407583
12176	0.003263948315783652
12177	0.003482918606534657
12178	0.003150965538103945
12193	0.003788781914909251
12236	0.005880512851357082
12304	0.0026225601120065003
12321	0.007636718892402355
12325	0.0014611362372918212
12356	0.0026225601120065003
12361	0.0024686162508534286
12370	0.0031690021828957127
12400	0.001154850559194289
12468	0.003482918606534657
12470	0.0023169417676391275
12487	0.0021475444431119056
12501	0.00454513868793433
12536	0.0025480106882195147
12537	0.002013487477505884
12539	0.003584498146875381
12543	0.005124156078332004
12555	0.002702578622689904
12557	0.0013389675547016712
12560	0.002236670870655169
12607	0.0033679500372867295
12644	0.0006972017104412264
12669	0.0027761700199310786
