t_index	tf-idf
15	0.002924208381553567
74	0.004008759134276374
81	0.004517005970415971
175	0.004937339701438465
177	0.005457486635436195
230	0.004828743159579848
347	0.006462496498047636
384	0.005987795981489172
401	0.006208724886918036
468	0.0036835055048038594
528	0.002009832357868041
606	0.005535219148017916
636	0.003710646087275908
724	0.005347137329923425
782	0.003310067055991002
829	0.004802638518245151
869	0.004653864656475861
876	0.004350061684773895
905	0.005383134886773306
917	0.0019355882432610808
923	0.005243480090859058
952	0.006462496498047636
991	0.0032463396501119656
1028	0.0029679401975132415
1031	0.0029415671174002405
1052	0.004776926442816184
1096	0.00959588239310305
1129	0.0030871717089481533
1161	0.006040410003370989
1164	0.0029415671174002405
1180	0.005746576860469791
1190	0.006208724886918036
1212	0.004751595301062602
1245	0.0024916296800873306
1583	0.0052773390348036155
1770	0.005383134886773306
1854	0.005658874519087302
1899	0.004630280547463312
1970	0.005987795981489172
2075	0.005746576860469791
2197	0.010087767182899506
2227	0.004370059816778915
2267	0.0034687071932318404
2339	0.0029328657205297017
2496	0.0024650171460428557
2565	0.005457486635436195
2649	0.005658874519087302
2650	0.006760609545048102
2717	0.0038984098287636044
2719	0.005575452081804082
2766	0.004041641316814822
2776	0.005746576860469791
2802	0.003068278469256151
2822	0.004653864656475861
2861	0.004517005970415971
2877	0.008639039681739687
2896	0.0016713263903267814
2979	0.004008759134276374
2987	0.0037662549167704214
3090	0.0014244376632111967
3134	0.006208724886918036
3179	0.0028154789916474193
3189	0.004410771759055367
3200	0.0031451372869824305
3223	0.0034806223689412418
3226	0.0037662549167704214
3279	0.0030128199602852644
3291	0.009214346908819364
3345	0.0038384099604299947
3369	0.00959588239310305
3463	0.004584066361356051
3503	0.00579217478389426
3617	0.004216264451268512
3677	0.006208724886918036
3687	0.007335916772127779
3820	0.006268724755251645
3825	0.004410771759055367
3854	0.004561419397225771
3882	0.002146691043927931
3959	0.002350135236660191
4179	0.007580593570351576
4225	0.003031106988024491
4241	0.003853213696151675
4321	0.007866226118180756
4394	0.004882179408356517
4430	0.006760609545048102
4551	0.0018737521015028602
4562	0.002985750991844132
4596	0.007335916772127779
4624	0.00579217478389426
4667	0.0027754345197842766
4680	0.008639039681739687
4693	0.004630280547463312
4694	0.004909537124716076
4947	0.001940438801960654
5043	0.0040251211806195146
5050	0.004937339701438465
5317	0.0032567973022526744
5324	0.0021412196127153092
5369	0.00579217478389426
5393	0.009214346908819364
5395	0.01078103985634707
5434	0.002103402129355241
5437	0.006462496498047636
5495	0.0022894969387486017
5590	0.009214346908819364
5641	0.006208724886918036
5702	0.007335916772127779
5828	0.0042534359325001716
5856	0.0039292182441650085
5915	0.0023378343145769274
5934	0.006040410003370989
5955	0.006605064106923402
6030	0.004855252540126968
6031	0.005839022119719882
6171	0.004965601845639739
6190	0.0019599798237384105
6333	0.002546130574474297
6504	0.004965601845639739
6513	0.006268724755251645
6523	0.0036045766858624068
6526	0.005616654576600006
6537	0.010087767182899506
6545	0.002208061510166511
6548	0.007335916772127779
6555	0.002950313022888264
6561	0.0037243796614720554
6567	0.006844031982331323
6653	0.005987795981489172
6666	0.003310067055991002
6672	0.00439029461856006
6700	0.002759675691226505
6710	0.006681068654936735
6736	0.004828743159579848
6884	0.005347137329923425
6890	0.002924208381553567
6897	0.010087767182899506
6932	0.006330906909516338
6998	0.007335916772127779
7099	0.004726633970231818
7263	0.002976822403435384
7287	0.0031748740503306427
7288	0.005887189270967959
7374	0.006208724886918036
7401	0.002848203833540234
7402	0.003853213696151675
7417	0.005616654576600006
7438	0.005746576860469791
7623	0.007580593570351576
7689	0.004882179408356517
7719	0.0009975311375337908
7824	0.004726633970231818
7852	0.005746576860469791
7899	0.007453882218495665
7914	0.0038984098287636044
7952	0.0024849376136389274
7991	0.002362525296637301
8000	0.0030128199602852644
8177	0.0063954361071075555
8217	0.006532294793167445
8224	0.005887189270967959
8253	0.004965601845639739
8387	0.0013994763323804135
8412	0.006760609545048102
8426	0.004909537124716076
8429	0.0052773390348036155
8478	0.004937339701438465
8532	0.0025186629830515708
8534	0.003710646087275908
8602	0.002675506444237201
8651	0.009214346908819364
8656	0.0026240240795513013
8657	0.004216264451268512
8684	0.0020507881074734243
8754	0.004937339701438465
8757	0.001171161580499757
8785	0.0038237332969684075
8813	0.004109365844797587
8818	0.004092181571559595
8831	0.007453882218495665
8842	0.00841072492985903
8847	0.005419906643679383
8886	0.005419906643679383
9005	0.004882179408356517
9035	0.004653864656475861
9037	0.008639039681739687
9092	0.005419906643679383
9157	0.004092181571559595
9163	0.007453882218495665
9301	0.005616654576600006
9321	0.0020559772489219014
9336	0.004473717055843282
9385	0.006208724886918036
9403	0.00439029461856006
9459	0.0026312844760015787
9483	0.009214346908819364
9505	0.007121910227550642
9695	0.0029328657205297017
9765	0.00069796354276811
9773	0.007866226118180756
9859	0.0029947264496980636
9878	0.004776926442816184
9987	0.0031451372869824305
10054	0.004802638518245151
10218	0.0051777096439974335
10310	0.005383134886773306
10340	0.005383134886773306
10357	0.00841072492985903
10527	0.0038384099604299947
10558	0.0037243796614720554
10577	0.006844031982331323
10584	0.003617481055001131
10598	0.0054959111916927155
10638	0.006681068654936735
10666	0.006931734323713811
10668	0.006605064106923402
10699	0.0034218598574062196
10736	0.001066047314679223
10743	0.0037662549167704214
10781	0.003566437837818581
10906	0.004161979866679405
11009	0.006040410003370989
11015	0.0028984963061245996
11101	0.007453882218495665
11111	0.007121910227550642
11159	0.007866226118180756
11416	0.002751850410771728
11419	0.004517005970415971
11481	0.006462496498047636
11505	0.0027754345197842766
11523	0.007453882218495665
11554	0.004653864656475861
11559	0.006681068654936735
11587	0.007580593570351576
11639	0.004410771759055367
11677	0.008029189445575343
11679	0.0032463396501119656
11734	0.01078103985634707
11756	0.00959588239310305
11809	0.008209337046207922
11971	0.0077174522564114655
12030	0.01078103985634707
12070	0.00579217478389426
12162	0.0042534359325001716
12167	0.007453882218495665
12169	0.005658874519087302
12245	0.005575452081804082
12325	0.0022894969387486017
12399	0.003115908869347758
12400	0.0018095689864540433
12401	0.004828743159579848
12464	0.004630280547463312
12644	0.0010924656722661736
12664	0.0042534359325001716
