t_index	tf-idf
2	0.002619242982100692
15	0.003174140721857291
123	0.01298894922724845
154	0.008377063560378258
160	0.0072521001639056885
188	0.003403316540554884
189	0.003403316540554884
221	0.005103914868213164
249	0.0046791942180596955
276	0.0036285573547258365
334	0.007624536812277057
384	0.006499573415804487
597	0.005655601604877513
747	0.005270231389710471
768	0.005765889056186425
773	0.005620248929809181
787	0.003403316540554884
903	0.008715444953744177
916	0.003983778416787474
917	0.0021010231358474982
978	0.008538553136828685
1071	0.010416043281402457
1161	0.006556684362633468
1162	0.007962918205642974
1223	0.007843137335556465
1269	0.0054212055877521075
1387	0.009663516533301254
1421	0.003270325939796826
1422	0.010001897926667174
1508	0.0024531250757594825
1551	0.0044234732709123705
1558	0.00411909041787866
1585	0.004951284302971564
1628	0.007428991980821181
1866	0.008538553136828685
1906	0.0072521001639056885
1938	0.0059656471909826925
1939	0.0034571162299053986
1991	0.004460593694780288
1994	0.00463748551169578
2048	0.002348101024578216
2066	0.0036285573547258365
2077	0.0037651778935080663
2094	0.007524190248817557
2184	0.009377419141717438
2255	0.007843137335556465
2318	0.007730620503409672
2334	0.007014846626085896
2420	0.002995545408425352
2458	0.005518060222948449
2483	0.002591644565392015
2489	0.008377063560378258
2520	0.005765889056186425
2616	0.008538553136828685
2630	0.005241456250142229
2674	0.008910989785200052
2777	0.005883146527754544
2790	0.0028960952271732663
2867	0.006096710523317956
2915	0.005157714557563679
2951	0.005765889056186425
2983	0.005585557091252858
3003	0.004333795956886184
3090	0.0015461844720326668
3147	0.0055515018362474085
3365	0.004369148631954516
3367	0.01298894922724845
3456	0.008715444953744177
3462	0.01298894922724845
3546	0.006739385133663168
3552	0.006499573415804487
3619	0.006008314801694661
3681	0.0041987575548703615
3686	0.007843137335556465
3794	0.003340750189345952
3825	0.0047877607982908695
3882	0.0023301689109303182
3883	0.004856086034975187
3889	0.010001897926667174
3957	0.007962918205642974
3959	0.002551001496203798
4074	0.00529945969966904
4102	0.005270231389710471
4186	0.0072521001639056885
4253	0.005157714557563679
4418	0.006556684362633468
4473	0.006499573415804487
4495	0.006051986447770243
4514	0.005804157614532265
4519	0.007843137335556465
4551	0.002033901853768062
4562	0.003240943384309443
4596	0.007962918205642974
4602	0.00912959030847946
4644	0.006142539007898184
4670	0.009663516533301254
4723	0.0046791942180596955
4816	0.0028960952271732663
4835	0.004150548108675109
4906	0.002872043581838112
4936	0.00521312044288149
5138	0.008538553136828685
5150	0.004057730802293757
5171	0.004215109725182554
5176	0.01298894922724845
5189	0.006189527829699308
5251	0.011702496254325455
5269	0.003100627772679418
5278	0.01298894922724845
5297	0.006739385133663168
5398	0.006676465232719978
5434	0.0022831800891291933
5458	0.005452932160740171
5495	0.0024851804377869443
5499	0.002446779909495845
5534	0.005390012259796982
5790	0.01298894922724845
5964	0.003558069415146528
6017	0.006051986447770243
6045	0.005518060222948449
6139	0.007524190248817557
6190	0.002127499466792976
6359	0.008538553136828685
6427	0.005883146527754544
6545	0.002396784716163649
6555	0.0032024765291180303
6622	0.006739385133663168
6632	0.00912959030847946
6648	0.002127499466792976
6666	0.0035929787701782672
6670	0.007843137335556465
6672	0.004765533474847246
6685	0.006804513195871444
6700	0.002995545408425352
6765	0.003926667469958493
7116	0.0034462308067691595
7136	0.01298894922724845
7189	0.008377063560378258
7244	0.0038441668067303453
7263	0.003231251668686272
7283	0.007090610587455262
7298	0.0041987575548703615
7338	0.0055515018362474085
7339	0.0055515018362474085
7401	0.0030916400586291433
7420	0.002591644565392015
7719	0.0010827902091178757
7827	0.004903074856776311
7882	0.008228507550723506
7929	0.002044071519346501
7991	0.0025644505356661306
8177	0.006942054577800509
8190	0.006676465232719978
8279	0.006096710523317956
8280	0.010001897926667174
8296	0.0038174618952901674
8387	0.0015190896941223294
8451	0.010949969506224252
8557	0.009377419141717438
8639	0.003435408855848668
8656	0.0028482996419061136
8671	0.005728393653162899
8724	0.0055515018362474085
8757	0.0012712608608843516
8836	0.006390367841136161
8873	0.006676465232719978
9092	0.005883146527754544
9185	0.009663516533301254
9252	0.00407288157479226
9301	0.006096710523317956
9313	0.006872010064175855
9327	0.005585557091252858
9373	0.0018644006263074996
9381	0.004103559286873985
9423	0.00912959030847946
9530	0.0031462310331437965
9618	0.009377419141717438
9695	0.0031835380043356595
9764	0.0011382881444951904
9765	0.0007576185464235042
9766	0.0072521001639056885
9870	0.0044234732709123705
9895	0.004556778912719823
10141	0.006189527829699308
10215	0.005883146527754544
10218	0.005620248929809181
10224	0.0044984717303841555
10355	0.008538553136828685
10584	0.003926667469958493
10609	0.005000779484808381
10619	0.007624536812277057
10703	0.006942054577800509
10736	0.0011571624697800115
10836	0.003392741245136698
10876	0.0033822258667279086
10904	0.01298894922724845
10937	0.006499573415804487
10975	0.007428991980821181
11012	0.007090610587455262
11015	0.0031462310331437965
11056	0.005655601604877513
11059	0.006444167530486675
11102	0.01298894922724845
11165	0.0037651778935080663
11263	0.004299104118329861
11367	0.004369148631954516
11369	0.002920462658047071
11389	0.0036166218838533147
11470	0.002306525797255271
11479	0.011702496254325455
11482	0.002551001496203798
11505	0.0030126511454068644
11538	0.005883146527754544
11561	0.007962918205642974
11582	0.00733843942069324
11596	0.005077588762637017
11639	0.0047877607982908695
11775	0.008090966168794442
11899	0.0019838729668738295
12162	0.004616977465192494
12176	0.0055515018362474085
12177	0.005923938484618777
12226	0.0036285573547258365
12274	0.005241456250142229
12370	0.005390012259796982
12400	0.0019642330023902864
12410	0.005765889056186425
12450	0.0034790805019242494
12506	0.00623773727589456
12513	0.007524190248817557
12557	0.0022773892597062616
12560	0.003804252164618621
12599	0.010949969506224252
12644	0.001185838806647898
