t_index	tf-idf
2	0.001625737023372843
15	0.0019701563101183184
44	0.005530959177020721
66	0.0031845226218537976
175	0.003326483512374987
181	0.0027921548671349925
230	0.003253317672502073
306	0.004223490949161585
347	0.004354042733432624
384	0.004034217982223474
401	0.004183066634687483
432	0.002119004962582327
448	0.006208074575172728
468	0.0024817251942179847
528	0.00135410455941242
597	0.0035103734099239735
613	0.004183066634687483
625	0.0025092637507000055
636	0.0025000108916925215
646	0.0034457597604294252
659	0.0024113537153345648
662	0.004670187050990207
763	0.0019189490019077438
782	0.002230124753903752
829	0.0032357299300643724
835	0.005021979001320687
869	0.0031354950205434184
870	0.004450096241799852
900	0.006465130312594628
905	0.0036268335841920948
952	0.004354042733432624
991	0.0021871890480860455
993	0.00473247112486162
1028	0.0019996201861229796
1052	0.0032184066750008244
1107	0.0024285476875571654
1129	0.0020799512309624163
1161	0.0040696661561173235
1163	0.004144012903067572
1164	0.001981851585728544
1165	0.005299791602169528
1178	0.0025566768110970987
1180	0.0038716989988311057
1190	0.004183066634687483
1246	0.004265385557074668
1248	0.004265385557074668
1344	0.004554893433533734
1380	0.0031845226218537976
1508	0.0015226293573679544
1551	0.002745604099186988
1583	0.003555554681273523
1801	0.004308861462083074
1854	0.0038126104186954235
1861	0.0032893198135876796
1939	0.002145796280630937
2048	0.0014574420152554442
2066	0.002252208013278105
2233	0.006796532796966776
2284	0.0019996201861229796
2307	0.0038126104186954235
2339	0.0019759891061393747
2408	0.004670187050990207
2431	0.0024637252224851145
2454	0.0020360013597868387
2496	0.0016607807827450538
2505	0.004501303550010426
2610	0.006208074575172728
2650	0.004554893433533734
2690	0.002402852018052837
2697	0.0032013400702119383
2717	0.002626514844843383
2719	0.003756405381374633
2721	0.007263618364753729
2766	0.002723015635201498
2767	0.006208074575172728
2777	0.0036516081896407508
2802	0.0020672220986500327
2803	0.003999828122371039
2805	0.005666642260435526
2826	0.004670187050990207
2856	0.006465130312594628
2861	0.0030432878421370203
2881	0.0037292988424311685
2896	0.0011260395308832958
2897	0.0058204670534797885
2899	0.004942500955226673
2905	0.0019996201861229796
2951	0.003578827690046746
2956	0.004868154208276425
2979	0.002700861591793631
2987	0.0025374767874262257
3015	0.004554893433533734
3090	0.0009597007067788964
3166	0.007263618364753729
3173	0.002780339637887645
3179	0.001896900965194813
3223	0.0023450346994988735
3279	0.002029857479873892
3420	0.0014574420152554442
3463	0.0030884691134865703
3470	0.005299791602169528
3503	0.0039024201461780954
3555	0.006208074575172728
3566	0.004868154208276425
3673	0.004670187050990207
3729	0.003784165152404248
3794	0.0020735690830423147
3795	0.002029857479873892
3859	0.006796532796966776
3872	0.004401068640489472
3882	0.001446311737818818
3901	0.006208074575172728
3924	0.0026368465262320414
3959	0.0015833802390230467
3988	0.004265385557074668
3995	0.005530959177020721
3997	0.003999828122371039
4048	0.005530959177020721
4054	0.0036268335841920948
4157	0.0037292988424311685
4199	0.006465130312594628
4225	0.0020421781829130523
4229	0.0026472717082703236
4241	0.002596064400059749
4304	0.005021979001320687
4335	0.002999811937128614
4344	0.006208074575172728
4352	0.006796532796966776
4391	0.001964352898584696
4430	0.004554893433533734
4519	0.004868154208276425
4528	0.001869921400597364
4551	0.0012624218402698315
4562	0.0020116200316403435
4582	0.003756405381374633
4624	0.0039024201461780954
4634	0.0032013400702119383
4689	0.0038126104186954235
4693	0.0031196054616861573
4694	0.0033077518028591067
4702	0.0031354950205434184
4906	0.0017826477404512416
4910	0.0039024201461780954
4925	0.0031039320940189946
4927	0.0019245275830423972
4947	0.0013073513413740215
5043	0.002711885357764872
5048	0.0020056044840121687
5075	0.00473247112486162
5138	0.005299791602169528
5171	0.0026162750018374464
5317	0.0021942347871941096
5362	0.0034457597604294252
5369	0.0039024201461780954
5434	0.0014171462622181198
5437	0.004354042733432624
5485	0.004144012903067572
5495	0.0015425257889712064
5499	0.0015186909783077656
5512	0.007263618364753729
5534	0.0033455248509084707
5549	0.005299791602169528
5580	0.0058204670534797885
5621	0.0037028154978513256
5623	0.005409586523013626
5638	0.0025092637507000055
5678	0.004798316174530141
5702	0.004942500955226673
5735	0.005021979001320687
5780	0.004670187050990207
5786	0.002180186140483371
5798	0.0028406662350721535
5810	0.00473247112486162
5828	0.002865710150809134
5834	0.004308861462083074
5850	0.004798316174530141
5856	0.0026472717082703236
5869	0.0031516068181884926
5878	0.001859304046608839
5894	0.0058204670534797885
5915	0.0015750926151260997
5934	0.0040696661561173235
5937	0.004798316174530141
5964	0.00220845687836681
6030	0.0032711781039582227
6031	0.00393398307270252
6098	0.002723015635201498
6171	0.0033455248509084707
6293	0.0010741030477862215
6512	0.0035327425545840867
6513	0.004223490949161585
6526	0.003784165152404248
6543	0.0020863689342075433
6545	0.0014876594789981267
6546	0.003999828122371039
6555	0.0019877440525560186
6566	0.0017061399789931055
6567	0.004611098470854525
6575	0.00393398307270252
6576	0.004670187050990207
6608	0.0030581522387364865
6653	0.004034217982223474
6666	0.002230124753903752
6670	0.004868154208276425
6672	0.0029579173292155316
6849	0.005021979001320687
6891	0.0015917279186893221
6932	0.004265385557074668
6953	0.004611098470854525
6973	0.004265385557074668
6998	0.004942500955226673
7020	0.005299791602169528
7038	0.004034217982223474
7116	0.002139039811098099
7237	0.007263618364753729
7263	0.0020056044840121687
7374	0.004183066634687483
7392	0.0026472717082703236
7401	0.0019189490019077438
7417	0.003784165152404248
7420	0.0016086069716226296
7438	0.0038716989988311057
7449	0.0023777170263184137
7471	0.005299791602169528
7492	0.0039024201461780954
7501	0.002282326715869941
7623	0.0051073495142421755
7638	0.0013747374946209573
7680	0.0019023735396345302
7715	0.003326483512374987
7719	0.0006720766815214399
7896	0.003676927335280619
7914	0.002626514844843383
7929	0.0012687340464909314
7930	0.0009122876463818027
7960	0.006208074575172728
8000	0.002029857479873892
8186	0.0039024201461780954
8203	0.004401068640489472
8217	0.004401068640489472
8224	0.003966435211739686
8307	0.004798316174530141
8312	0.005666642260435526
8330	0.0058204670534797885
8387	0.000942883258420756
8390	0.0027921548671349925
8419	0.002626514844843383
8426	0.0033077518028591067
8429	0.003555554681273523
8498	0.006796532796966776
8525	0.001864600491585166
8532	0.0016969241318172384
8556	0.0032013400702119383
8602	0.0018025958536770532
8632	0.002828345532032993
8656	0.001767910122562415
8657	0.0028406662350721535
8681	0.004611098470854525
8684	0.0013816980883242698
8698	0.004450096241799852
8757	0.000789058465376494
8760	0.0025374767874262257
8831	0.005021979001320687
8847	0.0036516081896407508
8888	0.002780339637887645
8946	0.00393398307270252
8990	0.0018806375220873908
9035	0.0031354950205434184
9041	0.007263618364753729
9058	0.002865710150809134
9081	0.005409586523013626
9092	0.0036516081896407508
9117	0.006465130312594628
9163	0.005021979001320687
9184	0.0023450346994988735
9193	0.0036268335841920948
9240	0.0033648862268806177
9281	0.00806210641691283
9294	0.003326483512374987
9304	0.0022671689346380327
9311	0.0032711781039582227
9336	0.0030141223665363223
9373	0.001157214181846034
9380	0.0032357299300643724
9387	0.003425002897002485
9392	0.0026061253788850517
9399	0.006796532796966776
9400	0.0027686443622774192
9403	0.0029579173292155316
9459	0.0017728017424519919
9482	0.005299791602169528
9505	0.004798316174530141
9530	0.00195283305505477
9693	0.00393398307270252
9695	0.0019759891061393747
9701	0.001678710712843984
9764	0.0007065236758935664
9765	0.0004702459943318301
9866	0.006208074575172728
9878	0.0032184066750008244
9894	0.005199556692648573
9973	0.0030581522387364865
9987	0.002119004962582327
9999	0.001402835832810411
10007	0.0024285476875571654
10054	0.0032357299300643724
10079	0.001941427271254441
10085	0.001767910122562415
10114	0.005666642260435526
10135	0.006208074575172728
10194	0.005409586523013626
10242	0.0024817251942179847
10277	0.005530959177020721
10290	0.0058204670534797885
10357	0.005666642260435526
10432	0.004354042733432624
10486	0.003999828122371039
10589	0.0026368465262320414
10598	0.0037028154978513256
10633	0.003073210946672005
10637	0.004223490949161585
10638	0.004501303550010426
10665	0.0031354950205434184
10666	0.004670187050990207
10668	0.004450096241799852
10687	0.004554893433533734
10699	0.002305444041859893
10736	0.0007182387743462139
10739	0.002711885357764872
10743	0.0025374767874262257
10781	0.002402852018052837
10845	0.0036516081896407508
10917	0.0031354950205434184
10937	0.004034217982223474
10952	0.004354042733432624
10977	0.0032893198135876796
11015	0.00195283305505477
11037	0.0016086069716226296
11165	0.0023370069683843167
11260	0.002145796280630937
11295	0.002490831761428579
11404	0.004798316174530141
11419	0.0030432878421370203
11482	0.0015833802390230467
11483	0.004942500955226673
11505	0.001869921400597364
11508	0.005021979001320687
11523	0.005021979001320687
11554	0.0031354950205434184
11559	0.004501303550010426
11581	0.003676927335280619
11619	0.0025663981747215165
11630	0.0051073495142421755
11639	0.00297171359893916
11677	0.005409586523013626
11679	0.0021871890480860455
11693	0.006465130312594628
11910	0.005021979001320687
11971	0.005199556692648573
12032	0.0016607807827450538
12061	0.006208074575172728
12070	0.0039024201461780954
12162	0.002865710150809134
12171	0.004144012903067572
12224	0.0039024201461780954
12226	0.002252208013278105
12245	0.003756405381374633
12273	0.002060909892428933
12389	0.004942500955226673
12400	0.0012191791049319018
12487	0.0022671689346380327
12515	0.004868154208276425
12536	0.002689942318067286
12537	0.002125644604900111
12605	0.0037028154978513256
12609	0.003784165152404248
12644	0.0007360378799883504
