t_index	tf-idf
14	0.0022375522754609556
170	0.005792667578158542
180	0.004409652213638149
276	0.0027567611071618366
354	0.0027567611071618366
355	0.00333304186516547
406	0.006770037693950689
469	0.005169662622837396
481	0.008319132676806736
496	0.003587388532248602
528	0.0016574591522678002
636	0.003060078266779483
641	0.002993970206234977
659	0.0029515595801335426
660	0.00344704712301068
673	0.004004006964909903
688	0.0031776502559172906
754	0.0031533384981492713
763	0.002348843421166297
829	0.003960617479332041
835	0.006147032738629543
848	0.009868227659662785
876	0.003587388532248602
991	0.0026771762049624653
997	0.004324168646357795
1029	0.00712440285442169
1035	0.006621474412909537
1040	0.003918523397629548
1052	0.003939413365179581
1107	0.0029726054487306864
1112	0.0029411532818374017
1246	0.0052209427110946425
1347	0.006487082577980235
1358	0.008319132676806736
1469	0.00734176256101459
1486	0.0027476932494210245
1596	0.004118708141344133
1661	0.004597937755773496
1690	0.004469663271086244
1817	0.009868227659662785
1866	0.006487082577980235
1971	0.00791348742807849
2017	0.00498137708070205
2022	0.009868227659662785
2147	0.0025226072384600903
2163	0.004439338510520844
2209	0.0036374546324677384
2228	0.00734176256101459
2231	0.004296788232277072
2255	0.005958747196494196
2261	0.0033888926122681404
2270	0.005026144238122937
2271	0.0048152974623663965
2284	0.00244758704600118
2339	0.0024186619903069618
2375	0.006251528463861365
2376	0.006147032738629543
2451	0.005387022329430296
2454	0.002492118547531293
2483	0.001968976715265362
2496	0.002032838815243134
2524	0.0048550197234605895
2577	0.00498137708070205
2682	0.008890857543870636
2717	0.0032149223912531027
2718	0.004702433481005318
2782	0.005329461397740583
2790	0.002200280140125144
2823	0.0052209427110946425
2861	0.003725063365213171
2896	0.001378301633581177
2959	0.00791348742807849
3003	0.0032925592659459966
3029	0.00734176256101459
3065	0.0031776502559172906
3090	0.0011746985923884545
3186	0.006147032738629543
3189	0.0036374546324677384
3198	0.00333304186516547
3223	0.002870383382178816
3235	0.006487082577980235
3278	0.0036374546324677384
3416	0.006621474412909537
3420	0.0017839468823094239
3427	0.0032793192905549596
3428	0.003620567639981349
3486	0.00734176256101459
3535	0.00498137708070205
3613	0.004532342346395941
3630	0.005958747196494196
3677	0.0051201822119389005
3795	0.0024845982789365494
3826	0.0038184781138171477
3882	0.001770323133628878
3883	0.003689364065533096
3922	0.00564410429711739
3959	0.0019380985393236644
3963	0.009868227659662785
3966	0.004469663271086244
4004	0.00712440285442169
4074	0.004026212888709596
4188	0.0037616900223874867
4206	0.005575307871565643
4225	0.002499679139474743
4241	0.0031776502559172906
4301	0.004380578049180596
4304	0.006147032738629543
4355	0.006936117312286343
4373	0.005958747196494196
4401	0.004118708141344133
4441	0.004597937755773496
4528	0.002288832363718202
4551	0.0015452371226679432
4562	0.0024622751685987325
4582	0.004597937755773496
4597	0.0041673352711157335
4612	0.008890857543870636
4624	0.004776663620484228
4634	0.003918523397629548
4642	0.003129438823972748
4694	0.00404877412233079
4700	0.006147032738629543
4816	0.002200280140125144
4925	0.0037992935046920816
4947	0.0016002319990195005
4953	0.00734176256101459
4957	0.009868227659662785
5041	0.008890857543870636
5097	0.004352091281948437
5178	0.004739060138179633
5258	0.0037992935046920816
5317	0.002685800372636946
5362	0.0042176994470191345
5399	0.00344704712301068
5419	0.002890243527664796
5478	0.008319132676806736
5638	0.0030714040065386436
5700	0.005274158348069218
5715	0.0018589172039676224
5782	0.004409652213638149
5783	0.006936117312286343
5817	0.0050723794300534895
5833	0.006147032738629543
5839	0.0038379273465742494
5856	0.0032403293312269874
5873	0.005329461397740583
5878	0.0022758364466608193
5913	0.004895893513421695
5915	0.001927954272410843
6030	0.004004006964909903
6035	0.00712440285442169
6162	0.005387022329430296
6190	0.0016163469974985595
6191	0.003346798530565648
6309	0.006936117312286343
6513	0.005169662622837396
6523	0.0029726054487306864
6543	0.002553769766870922
6545	0.0018209338427996552
6561	0.0030714040065386436
6566	0.002088359649611691
6575	0.0048152974623663965
6653	0.004937987595124187
6666	0.002729730624096476
6695	0.002694477612446449
6700	0.0022758364466608193
6711	0.008890857543870636
6764	0.0028029962990923896
7143	0.002282319432881843
7250	0.0019128734118726497
7287	0.002618240288259686
7376	0.00712440285442169
7402	0.0031776502559172906
7417	0.004631916436546759
7420	0.001968976715265362
7438	0.004739060138179633
7449	0.0029103873990975393
7680	0.002328554624812396
7719	0.000822639314719425
7840	0.006621474412909537
7882	0.006251528463861365
7929	0.0015529634270359778
7930	0.0011166637749543496
7991	0.0019483163160580342
8000	0.0024845982789365494
8019	0.0029832473635398936
8027	0.003117639198469196
8125	0.008319132676806736
8140	0.0051201822119389005
8178	0.004895893513421695
8203	0.005387022329430296
8224	0.0048550197234605895
8241	0.008319132676806736
8254	0.006770037693950689
8262	0.00734176256101459
8270	0.002454911982053856
8387	0.0011541135987812503
8390	0.003417670080876274
8397	0.006147032738629543
8412	0.005575307871565643
8426	0.00404877412233079
8429	0.004352091281948437
8532	0.002077079213295776
8588	0.009868227659662785
8602	0.0022064241455722372
8607	0.004597937755773496
8632	0.0034619683947286965
8654	0.0032149223912531027
8684	0.0016912343483709408
8716	0.00571643025397178
8757	0.0009658280566459035
8759	0.0022565644334124235
8762	0.0037992935046920816
8785	0.0031533384981492713
8802	0.004142812096146753
8815	0.006770037693950689
8824	0.00571643025397178
8845	0.00333304186516547
8907	0.0026686044641630875
8948	0.003939413365179581
9101	0.006251528463861365
9113	0.005873263629213842
9165	0.00734176256101459
9184	0.002870383382178816
9199	0.00571643025397178
9229	0.0052209427110946425
9291	0.009868227659662785
9294	0.004071702221316137
9321	0.0016955137052797498
9359	0.00450065456298959
9375	0.003877649607668443
9403	0.003620567639981349
9459	0.0021699553795597438
9463	0.00791348742807849
9477	0.005792667578158542
9539	0.004895893513421695
9545	0.004004006964909903
9596	0.00791348742807849
9695	0.0024186619903069618
9701	0.002054785515396695
9764	0.0008648033305580343
9765	0.0005755933112438311
9878	0.003939413365179581
9898	0.003689364065533096
9928	0.004776663620484228
9992	0.002651615740352448
9999	0.001717107496654302
10040	0.0030488427729174488
10047	0.0029002794918762957
10079	0.002376357406697806
10113	0.005873263629213842
10267	0.0075988445287016836
10415	0.004666734181325243
10424	0.002342048000692778
10585	0.00571643025397178
10586	0.006936117312286343
10608	0.0041673352711157335
10699	0.0028219233888999344
10708	0.00791348742807849
10730	0.0027119939497409493
10834	0.003960617479332041
10836	0.002577602114811647
10845	0.004469663271086244
10876	0.0025696131584880865
10892	0.003587388532248602
10906	0.003432282097846003
10910	0.006049749545845636
10917	0.0038379273465742494
10952	0.005329461397740583
10976	0.006364392445222443
10977	0.004026212888709596
10979	0.004702433481005318
11046	0.003305924740604542
11056	0.004296788232277072
11120	0.0051201822119389005
11161	0.006621474412909537
11217	0.004564758648040749
11312	0.002355671749373324
11388	0.0032925592659459966
11416	0.0022693831309611003
11470	0.001752360508304329
11481	0.005329461397740583
11482	0.0019380985393236644
11483	0.006049749545845636
11498	0.005958747196494196
11505	0.002288832363718202
11523	0.006147032738629543
11531	0.004776663620484228
11579	0.0052209427110946425
11581	0.00450065456298959
11702	0.005958747196494196
11776	0.006364392445222443
11872	0.006049749545845636
11889	0.005387022329430296
11982	0.008890857543870636
12070	0.004776663620484228
12094	0.005387022329430296
12100	0.00791348742807849
12154	0.004631916436546759
12162	0.0035077036586202716
12169	0.004666734181325243
12178	0.004071702221316137
12245	0.004597937755773496
12273	0.0025226072384600903
12292	0.00791348742807849
12399	0.0025696131584880865
12400	0.0014923068914263866
12644	0.0009009294829727537
