t_index	tf-idf
2	0.0020161278217485585
15	0.0024432530556401516
16	0.0035382443810216507
165	0.004559873701976294
184	0.004056691267079769
188	0.0026196581266113247
230	0.004034541982017374
239	0.0035538576541284325
277	0.0028590539598065123
308	0.005237684499453677
337	0.004839514457595862
354	0.002793034279624492
355	0.003376897679180805
374	0.005518704878811001
392	0.002908151584575906
434	0.006448134451080632
487	0.00999807276044782
528	0.0016792678253239554
610	0.009007842511553144
617	0.0052896393257143084
625	0.0031118172171509936
633	0.0028883095952011916
641	0.0030333645510538577
666	0.003194829794177551
754	0.003194829794177551
760	0.005457904202185958
763	0.002379749255655327
773	0.004326112663076803
826	0.00586888688839747
869	0.0038884263906081204
961	0.00999807276044782
1031	0.002457756736248885
1036	0.007027382013763794
1082	0.002532569654467831
1090	0.00586888688839747
1205	0.006708599076237293
1208	0.0018213575417584116
1212	0.00397008291601941
1273	0.0026865054211465587
1535	0.00999807276044782
1587	0.0047643076057553874
1701	0.004079189374087353
1764	0.00999807276044782
1873	0.003088959125192678
1939	0.002661069729598234
1942	0.005187553030517043
2048	0.0018074198676029686
2077	0.0028981961417134453
2147	0.0025557994389661435
2163	0.004497750859343485
2229	0.005237684499453677
2267	0.0028981961417134453
2282	0.007698829325131968
2454	0.0025249095810514414
2496	0.0020595866943910702
2604	0.00595054341380876
2622	0.003585605633326396
2628	0.003244525248989202
2630	0.004034541982017374
2636	0.005092277714940343
2700	0.004125277250543981
2706	0.004528474629916326
2717	0.003257224001664327
2790	0.0022292311946004745
2886	0.005582208678795825
2896	0.0013964371813914556
2900	0.00459197842990115
2920	0.009007842511553144
2978	0.003685315877631787
2987	0.003146805094933181
3090	0.0011901551528146182
3188	0.004467673953291282
3193	0.0037558783812029458
3223	0.002908151584575906
3226	0.003146805094933181
3232	0.007438364699975307
3254	0.006708599076237293
3279	0.0025172903615541353
3298	0.006333785417333224
3321	0.004528474629916326
3337	0.00603715176486912
3345	0.0032070925327276926
3351	0.004056691267079769
3365	0.0033630946706492
3511	0.00383010807823828
3604	0.0035227999033625064
3617	0.0035227999033625064
3826	0.0038687212468936885
3856	0.002540271022280011
3882	0.001793616859071363
3924	0.003270036646018025
3959	0.0019635998358937122
3988	0.0052896393257143084
4000	0.003991247751563522
4072	0.004381065602230923
4074	0.004079189374087353
4110	0.005718368827342618
4148	0.0039084071396613875
4158	0.00564866718566519
4203	0.006448134451080632
4210	0.00999807276044782
4229	0.0032829652434799737
4242	0.00603715176486912
4253	0.00397008291601941
4319	0.0029589968183384887
4324	0.0031826714206250385
4373	0.00603715176486912
4384	0.004728138578447943
4388	0.007027382013763794
4551	0.0015655691900714685
4562	0.0024946735260802945
4601	0.0061293515135541305
4661	0.00586888688839747
4786	0.003569643453081619
4794	0.0033494237503493385
4816	0.0022292311946004745
4819	0.008017612262658468
4850	0.00999807276044782
4947	0.0016212876832171254
5000	0.00595054341380876
5133	0.005002961116112663
5153	0.005582208678795825
5345	0.0061293515135541305
5465	0.0023189485790302837
5614	0.005046921515974445
5675	0.0047643076057553874
5676	0.004839514457595862
5742	0.004497750859343485
5828	0.0035538576541284325
5869	0.0039084071396613875
5878	0.002305781663064251
6143	0.00999807276044782
6177	0.004692862705448689
6190	0.001637614721149856
6191	0.0033908353533362483
6293	0.0013320291086033075
6298	0.0032194614434951493
6333	0.002127359098409445
6366	0.004497750859343485
6373	0.003376897679180805
6500	0.002747678080658593
6525	0.007438364699975307
6543	0.0025873720006455393
6545	0.0018448934986259663
6546	0.004960313164914085
6547	0.008017612262658468
6561	0.0031118172171509936
6566	0.0021158380660539497
6575	0.004878656639502796
6618	0.0052896393257143084
6652	0.00999807276044782
6716	0.0034191253920267672
6764	0.002839877829343605
6780	0.005343555168438549
6879	0.0031350470016493054
6937	0.0052896393257143084
6991	0.006708599076237293
7064	0.0047643076057553874
7106	0.00397008291601941
7116	0.0026526908183683658
7134	0.002393619270132838
7135	0.008017612262658468
7266	0.003001017502668847
7287	0.0026526908183683658
7295	0.0047643076057553874
7305	0.006859117137292144
7322	0.00999807276044782
7392	0.0032829652434799737
7416	0.005518704878811001
7420	0.0019948843036241165
7472	0.00579164644152404
7501	0.002830385433825552
7638	0.001704855379842437
7643	0.004497750859343485
7719	0.000833463516228891
7777	0.009007842511553144
7802	0.00595054341380876
7892	0.008428594948869982
7914	0.003257224001664327
7916	0.00381118594373469
7930	0.0011313567193616434
7991	0.0019739520570587975
7996	0.005518704878811001
8000	0.0025172903615541353
8094	0.0026196581266113247
8270	0.0024872134555019325
8273	0.005092277714940343
8387	0.0011692993040283719
8390	0.003462639424045698
8415	0.006708599076237293
8419	0.003257224001664327
8421	0.004148891015764781
8525	0.002312349951735551
8527	0.0030333645510538577
8600	0.0035075206104488105
8602	0.0022354560422245037
8609	0.004056691267079769
8632	0.0035075206104488105
8684	0.0017134874319021372
8724	0.004273195492374649
8745	0.0030664610181850944
8757	0.000978536320549139
8759	0.0022862560706941658
8770	0.0046584369367705155
8865	0.0052896393257143084
8877	0.0035538576541284325
8907	0.0027037176807968117
9005	0.004079189374087353
9018	0.0033908353533362483
9084	0.0047643076057553874
9095	0.004692862705448689
9113	0.00595054341380876
9149	0.003849284208701187
9152	0.005046921515974445
9153	0.0033494237503493385
9157	0.0034191253920267672
9240	0.004172901669519714
9257	0.003244525248989202
9304	0.0028115877906530868
9321	0.0017178230961386936
9324	0.0047643076057553874
9373	0.0014350978505130094
9380	0.004012730867217988
9403	0.00366820668787584
9410	0.009007842511553144
9432	0.0028784909979990133
9480	0.0061293515135541305
9528	0.005518704878811001
9547	0.004222168629946203
9556	0.004692862705448689
9613	0.004172901669519714
9693	0.004878656639502796
9701	0.002081822166915072
9765	0.0005831669074444077
9859	0.0025021727573135135
9870	0.0034049103466891268
9986	0.009007842511553144
9992	0.0026865054211465587
9999	0.0017397010163471215
10040	0.003088959125192678
10053	0.004497750859343485
10054	0.004012730867217988
10058	0.004409355640921441
10059	0.003634591012936083
10060	0.0038884263906081204
10077	0.0025172903615541353
10092	0.0029181768907667128
10124	0.0065724389276905
10246	0.005718368827342618
10288	0.004960313164914085
10340	0.004497750859343485
10343	0.0037026324565540146
10401	0.005139121264659456
10407	0.003088959125192678
10485	0.004839514457595862
10503	0.006859117137292144
10569	0.009007842511553144
10600	0.004102047466045668
10628	0.005518704878811001
10697	0.0044382172340382345
10736	0.000890710585291193
10979	0.0047643076057553874
10989	0.0034774437043966076
11037	0.0019948843036241165
11064	0.0034049103466891268
11071	0.0029181768907667128
11076	0.006333785417333224
11104	0.0047643076057553874
11112	0.005718368827342618
11166	0.0030664610181850944
11210	0.003991247751563522
11260	0.002661069729598234
11324	0.007438364699975307
11367	0.0033630946706492
11395	0.004528474629916326
11424	0.0065724389276905
11470	0.0017754178834135965
11482	0.0019635998358937122
11527	0.00383010807823828
11581	0.004559873701976294
11627	0.005139121264659456
11646	0.003991247751563522
11716	0.0046584369367705155
11842	0.009007842511553144
11899	0.0015270601126594608
11919	0.007438364699975307
12010	0.00459197842990115
12027	0.0035382443810216507
12210	0.0033358824141821275
12211	0.005002961116112663
12259	0.00344798698514356
12273	0.0025557994389661435
12326	0.005237684499453677
12400	0.0015119425084188388
12470	0.0030333645510538577
12487	0.0028115877906530868
12515	0.00603715176486912
12537	0.0026360790001557295
12566	0.0021448167527546307
12644	0.0009127838182750266
12681	0.00383010807823828
12682	0.0030553434502529216
12696	0.007438364699975307
12719	0.005718368827342618
