t_index	tf-idf
189	0.002568955066096267
249	0.0035320369258902214
370	0.0044408267338534296
528	0.0016467658674144594
633	0.002832406828842459
660	0.0034248081093138367
688	0.0031571492865242754
754	0.0031329943788063726
784	0.007549819725290705
876	0.0035642440901050626
905	0.004410697616904579
917	0.0015859335928655308
949	0.006891368168336108
991	0.0026599041004143203
1028	0.0024317961618334303
1031	0.002410187251031165
1035	0.00657875522314883
1038	0.005755295529267197
1052	0.003913997795081648
1088	0.004471618081938043
1128	0.0032322181330177854
1129	0.0025294890776542934
1164	0.002410187251031165
1178	0.0031092488960761493
1245	0.0020415288346522
1276	0.005755295529267197
1300	0.007294396350943527
1347	0.006445230432315845
1450	0.007294396350943527
1486	0.0027299661961989533
1696	0.008833497172619859
1741	0.005835371605799559
1743	0.004242381450243058
1882	0.004092135830754816
1902	0.005755295529267197
1962	0.007549819725290705
1991	0.003367028788963184
1994	0.0035005535797961685
1997	0.0042161947075908665
2048	0.0017724375475848468
2061	0.005240131520017158
2076	0.004471618081938043
2118	0.0038327605498614894
2157	0.002617830369556334
2168	0.006726360031409071
2189	0.0035642440901050626
2213	0.005411891235995303
2223	0.002832406828842459
2267	0.0028421020228415724
2294	0.007078438965038324
2323	0.006323331848801653
2412	0.004949239164052359
2446	0.00470848555664299
2458	0.0041652454586127
2483	0.0019562736396830046
2560	0.007294396350943527
2565	0.004471618081938043
2579	0.004823697015567296
2614	0.003630968602556195
2637	0.006726360031409071
2656	0.0049937175011027886
2689	0.005352267346659778
2703	0.007294396350943527
2777	0.0044408267338534296
2783	0.005607690721006955
2790	0.002186084784382401
2793	0.005240131520017158
2811	0.0030629322830217393
2881	0.004535308592246937
2896	0.0013694093649774274
2905	0.0024317961618334303
2978	0.0036139871832260107
3026	0.006726360031409071
3049	0.004269067017875284
3090	0.0011671198917924
3110	0.008833497172619859
3200	0.002576983454495282
3209	0.008833497172619859
3236	0.007078438965038324
3237	0.004745846435835942
3261	0.004784231027125323
3303	0.0025294890776542934
3377	0.0033956205964835234
3420	0.0017724375475848468
3463	0.0037559769541433458
3535	0.004949239164052359
3610	0.004269067017875284
3613	0.0045031014280320966
3707	0.005352267346659778
3795	0.00246856861262083
3842	0.004949239164052359
3882	0.0017589016940570787
3900	0.007078438965038324
3959	0.0019255946777796407
3973	0.0042161947075908665
3995	0.006726360031409071
4062	0.003774781933694068
4065	0.004864307103657683
4127	0.004352316255314914
4166	0.0024760403633536715
4176	0.006891368168336108
4243	0.007294396350943527
4253	0.0038932426015158093
4295	0.0037374210545011157
4324	0.003121071328612941
4368	0.007549819725290705
4441	0.004568273641220118
4473	0.004906129610639515
4479	0.004352316255314914
4503	0.0045031014280320966
4533	0.004045433174727
4562	0.0024463895223497084
4642	0.0031092488960761493
4723	0.0035320369258902214
4835	0.0031329943788063726
4846	0.004000237321685663
4851	0.005539338143361994
4880	0.006445230432315845
4906	0.002167929671451994
4927	0.0023404738671193026
4947	0.0015899079216064713
4950	0.008265460853085401
4982	0.0043812028445179025
5086	0.00460203310469807
5224	0.006891368168336108
5269	0.0023404738671193026
5284	0.003793842771147359
5300	0.003956454072688005
5350	0.007294396350943527
5369	0.004745846435835942
5434	0.0017234327124394555
5482	0.0035320369258902214
5486	0.006010718903614374
5495	0.0018759103949746608
5638	0.003051588496819039
5678	0.005835371605799559
5682	0.006323331848801653
5715	0.0018469241897484765
5717	0.006010718903614374
5741	0.003683183960921599
5760	0.0051363099607545735
5786	0.0026513876611684866
5856	0.0032194239807029424
5880	0.005755295529267197
5891	0.0030975253971887496
5964	0.0026857685262718953
5993	0.007294396350943527
6015	0.0041652454586127
6120	0.0059203036661942335
6138	0.004745846435835942
6190	0.0016059189523534073
6333	0.002086184406182166
6420	0.006323331848801653
6468	0.005539338143361994
6503	0.0024317961618334303
6510	0.007294396350943527
6523	0.0029534273490614557
6531	0.0038131665249834476
6536	0.008833497172619859
6566	0.00207488636154968
6608	0.003719107722592437
6684	0.0033956205964835234
6764	0.0027849124520014706
6800	0.009804561674761732
6939	0.006010718903614374
6964	0.004092135830754816
6982	0.004672095200482703
6988	0.004906129610639515
7043	0.004568273641220118
7108	0.0034697622317115544
7110	0.005755295529267197
7116	0.002601348415432204
7168	0.008833497172619859
7250	0.0019005322930863745
7362	0.005240131520017158
7420	0.0019562736396830046
7429	0.005679550058784865
7461	0.003683183960921599
7468	0.003978174661910484
7491	0.0028916107062001354
7494	0.00657875522314883
7650	0.0032451302054489917
7719	0.0008173319643018802
7767	0.0023959642868213098
7842	0.00385263251342542
7844	0.005679550058784865
7907	0.005679550058784865
7908	0.006107374462896448
7929	0.0015429443081518748
7930	0.0011094594925352892
7952	0.002036045657626734
8030	0.007294396350943527
8131	0.006891368168336108
8141	0.0052950777758196755
8167	0.005539338143361994
8252	0.0034850733124356247
8261	0.004116084276171612
8289	0.003630968602556195
8382	0.005187259209732741
8387	0.0011466677045955647
8495	0.009804561674761732
8532	0.0020636787022422546
8534	0.0030403358263486474
8600	0.0034396331147627046
8629	0.003978174661910484
8654	0.0031941809564708244
8657	0.003454616679426458
8678	0.0052950777758196755
8754	0.004045433174727
8755	0.006107374462896448
8757	0.0009595969078933492
8759	0.0022420059531968596
8797	0.002861696047719615
8813	0.003367028788963184
8825	0.009804561674761732
8838	0.005240131520017158
8856	0.006726360031409071
8871	0.004045433174727
8932	0.00547416593017397
8951	0.0038327605498614894
8990	0.002287097889764343
9011	0.004471618081938043
9035	0.0038131665249834476
9105	0.0042161947075908665
9138	0.0026261446369363686
9183	0.0029853895705461305
9220	0.008833497172619859
9266	0.002748043220450562
9298	0.0037559769541433458
9300	0.003298002515733409
9304	0.002757169962446898
9373	0.0014073217630837253
9394	0.005539338143361994
9449	0.0034396331147627046
9530	0.002374896973405317
9591	0.0059203036661942335
9632	0.004116084276171612
9633	0.009804561674761732
9719	0.002996207770570607
9720	0.00273897555163176
9745	0.00547416593017397
9764	0.0008592239542318534
9765	0.0005718798060099998
9923	0.006323331848801653
9991	0.0035806296563285303
10004	0.0034697622317115544
10040	0.0030291728195437875
10048	0.0034248081093138367
10077	0.00246856861262083
10246	0.005607690721006955
10287	0.0029534273490614557
10350	0.00657875522314883
10424	0.0023269380135915343
10436	0.004784231027125323
10445	0.009804561674761732
10533	0.0034396331147627046
10557	0.003454616679426458
10567	0.004949239164052359
10589	0.0032067456141596116
10665	0.0038131665249834476
10724	0.004672095200482703
10736	0.0008734710255758796
10739	0.003298002515733409
10811	0.007862432670477983
10892	0.0035642440901050626
10925	0.00470848555664299
10989	0.0034101383423760286
11093	0.008265460853085401
11237	0.005352267346659778
11242	0.008833497172619859
11250	0.008833497172619859
11259	0.0038131665249834476
11260	0.0026095651541866555
11369	0.002204478264461337
11371	0.009804561674761732
11403	0.007294396350943527
11416	0.0022547419494710285
11486	0.0036655617167232046
11505	0.002274065703307117
11518	0.003978174661910484
11565	0.004140449237108535
11582	0.005539338143361994
11596	0.0038327605498614894
11619	0.003121071328612941
11671	0.0020143250684042553
11896	0.004068589899330625
11899	0.001497504110478955
11901	0.003956454072688005
11904	0.007078438965038324
11907	0.00470848555664299
11977	0.009804561674761732
12136	0.007078438965038324
12168	0.0028815680112835454
12226	0.00273897555163176
12244	0.003683183960921599
12325	0.0018759103949746608
12327	0.007862432670477983
12344	0.0059203036661942335
12370	0.004068589899330625
12374	0.007294396350943527
12386	0.0037559769541433458
12399	0.0025530350090784857
12422	0.0030403358263486474
12470	0.0029746542694205572
12535	0.004045433174727
12537	0.0025850581162817476
12557	0.0017190615702298876
12605	0.0045031014280320966
12644	0.00089511703469551
12669	0.0035642440901050626
