t_index	tf-idf
101	0.0038131682288060184
188	0.002672402921106855
239	0.0036254118350840386
277	0.002916618804634831
528	0.0017130785869076592
580	0.004976884625533053
636	0.003162765456939868
641	0.003094439005101922
659	0.0030506052036279566
666	0.0032591552262750856
673	0.004138369614739094
680	0.009189208468161597
724	0.004557627120136073
741	0.005343141234342006
743	0.004115774370917052
744	0.004527577312575917
773	0.004413215602601839
823	0.005396142130930033
863	0.0037420631983699844
905	0.004588309601477918
991	0.0027670143326457694
996	0.0041613207037669644
1014	0.0067047699128117855
1084	0.005694602142127285
1112	0.0030398497006910055
1128	0.0033623745679044075
1168	0.008179040697477095
1170	0.005762398739738986
1211	0.0033228056929730052
1302	0.003926786575319332
1324	0.006353309005026507
1349	0.010199376238846099
1388	0.004385974360245532
1390	0.008179040697477095
1421	0.0025679740601089168
1521	0.005194806796449209
1733	0.0021010548828687427
1736	0.010199376238846099
1737	0.004307178736589415
1770	0.004588309601477918
1899	0.003946614963274099
1915	0.005987052396217553
1970	0.0051036918768397645
1984	0.004588309601477918
2048	0.0018438108716486662
2077	0.0029565490841640518
2078	0.006252761275571999
2110	0.003502613840867742
2416	0.010199376238846099
2426	0.004208336524044866
2427	0.0044409757568501275
2444	0.004588309601477918
2504	0.004684434371442785
2526	0.003403047831917338
2542	0.006353309005026507
2549	0.005451143527534627
2677	0.003416861812436909
2683	0.008598298202874076
2690	0.0030398497006910055
2704	0.0032591552262750856
2761	0.006843671540859521
2782	0.005508302384241944
2808	0.006353309005026507
2861	0.0038500654915626063
2886	0.005694602142127285
2896	0.0014245533662516862
2900	0.004684434371442785
2905	0.002529720839491152
2915	0.004050017471375506
2945	0.006997220166902054
3045	0.006843671540859521
3061	0.005762398739738986
3103	0.0028398977208781056
3121	0.003444888907620687
3123	0.0059082567725614364
3154	0.0055677948908205745
3176	0.007853839311544021
3181	0.004115774370917052
3188	0.004557627120136073
3193	0.0038315000935761597
3231	0.0073634767757110075
3279	0.0025679740601089168
3290	0.0035627198452593606
3303	0.0026313476982309765
3305	0.005060185242060007
3321	0.004619651971458265
3345	0.003271664865601405
3377	0.0035323569963419204
3379	0.006252761275571999
3392	0.0027581549495376873
3465	0.0034591072060879847
3474	0.010199376238846099
3631	0.004752230969054486
3681	0.0032970109659049146
3697	0.006252761275571999
3826	0.003946614963274099
3882	0.0018297299501936052
3897	0.006843671540859521
3924	0.0033358763100318108
3927	0.007853839311544021
4078	0.0073634767757110075
4142	0.0058335037701750195
4166	0.0025757466867101955
4182	0.004717938468444801
4186	0.005694602142127285
4263	0.002386021864890602
4264	0.006070353012744507
4309	0.0033623745679044075
4386	0.00478734987401477
4394	0.0041613207037669644
4418	0.005148537385423595
4464	0.0039667168548485525
4480	0.010199376238846099
4528	0.002365638818876531
4550	0.009189208468161597
4551	0.0015970907173883438
4562	0.002544901852108757
4600	0.010199376238846099
4667	0.002365638818876531
4668	0.0038131682288060184
4702	0.0039667168548485525
4813	0.003868870449676696
4852	0.0037420631983699844
4947	0.0016539310593892823
4991	0.005694602142127285
5043	0.0034308079861656267
5050	0.004208336524044866
5073	0.004898089001876936
5171	0.003309851260713817
5180	0.008179040697477095
5210	0.007588130432189575
5233	0.006158705156108096
5367	0.00478734987401477
5434	0.0017928326874370173
5544	0.003416861812436909
5545	0.006577962661505075
5641	0.005292000406970407
5710	0.004588309601477918
5715	0.0019212969759128445
5736	0.0035323569963419204
5798	0.0035937287604771878
5828	0.0036254118350840386
5858	0.004527577312575917
5878	0.002352206797219907
5986	0.0044692749767724855
5987	0.005396142130930033
6124	0.006353309005026507
6141	0.009189208468161597
6182	0.005629819742142766
6293	0.0013588484866288776
6407	0.010199376238846099
6419	0.005629819742142766
6491	0.003759516868456588
6500	0.0028030004581215177
6545	0.0018820390053097106
6555	0.0025146963349450303
6577	0.006577962661505075
6636	0.0030614406738635217
6812	0.010199376238846099
6879	0.0031981687533603653
6904	0.008598298202874076
6918	0.0036742666007582836
7053	0.007853839311544021
7116	0.0027061007006173934
7250	0.001977063794821396
7287	0.0027061007006173934
7380	0.0055677948908205745
7403	0.006461311298219128
7507	0.0055677948908205745
7565	0.004256919823939574
7615	0.008598298202874076
7638	0.0017391813270875869
7666	0.004093524106155263
7668	0.003284282814840689
7690	0.003759516868456588
7691	0.004385974360245532
7738	0.010199376238846099
7830	0.0042324257342029985
7842	0.004007772077724431
7919	0.006843671540859521
7930	0.0011541357137112068
8000	0.0025679740601089168
8055	0.005242593504887498
8094	0.002672402921106855
8253	0.0042324257342029985
8270	0.002537291578767072
8387	0.0011928422430356545
8404	0.004717938468444801
8464	0.006577962661505075
8525	0.0023589073333141193
8537	0.0059082567725614364
8587	0.002560242667794943
8602	0.002280465224282715
8613	0.008598298202874076
8672	0.010199376238846099
8679	0.004860233262247107
8683	0.006997220166902054
8684	0.001747987178853187
8757	0.0009982383941172426
8759	0.002332288072117538
8783	0.006252761275571999
8785	0.0032591552262750856
8845	0.003444888907620687
8936	0.008598298202874076
8992	0.004976884625533053
9066	0.0031511529330824637
9183	0.0031056066002325515
9233	0.006997220166902054
9249	0.008598298202874076
9265	0.004138369614739094
9359	0.004651683239599978
9373	0.001463992438107231
9379	0.007588130432189575
9412	0.004332973463657506
9418	0.002672402921106855
9506	0.0059082567725614364
9581	0.0036254118350840386
9695	0.002499825144344108
9701	0.0021237380494704096
9742	0.008598298202874076
9764	0.0008938235765499146
9765	0.0005949085230305367
9795	0.007853839311544021
9859	0.0025525520745748593
10004	0.003609484200773765
10018	0.0051036918768397645
10038	0.004007772077724431
10046	0.0067047699128117855
10053	0.004588309601477918
10072	0.004898089001876936
10084	0.004860233262247107
10215	0.004619651971458265
10216	0.005762398739738986
10249	0.007853839311544021
10270	0.0071688729267925955
10340	0.004588309601477918
10343	0.00377718210333027
10348	0.005508302384241944
10358	0.0071688729267925955
10424	0.0024206402154811264
10435	0.0071688729267925955
10501	0.0059082567725614364
10502	0.0035323569963419204
10509	0.009189208468161597
10561	0.0040716084445480225
10633	0.0038879212311924358
10635	0.0025993164300892636
10673	0.010199376238846099
10687	0.005762398739738986
10708	0.008179040697477095
10716	0.0031168604324727793
10736	0.0009086443554648412
10743	0.0032101635867774732
10781	0.0030398497006910055
10915	0.004651683239599978
10989	0.003547459349451573
10997	0.004976884625533053
11037	0.0020350497594017834
11042	0.004588309601477918
11061	0.004208336524044866
11071	0.0029769321301781233
11131	0.0071688729267925955
11152	0.006252761275571999
11165	0.0029565490841640518
11166	0.0031282018440545933
11210	0.0040716084445480225
11260	0.0027146483147579303
11289	0.005508302384241944
11369	0.0022932492012852834
11388	0.003403047831917338
11389	0.0028398977208781056
11393	0.003416861812436909
11416	0.0023455369273020768
11427	0.005396142130930033
11452	0.010199376238846099
11482	0.0020031354030593577
11523	0.006353309005026507
11554	0.0039667168548485525
11820	0.006353309005026507
11889	0.0055677948908205745
11942	0.006070353012744507
12111	0.004588309601477918
12119	0.009189208468161597
12166	0.0034308079861656267
12210	0.003403047831917338
12273	0.0026072584880728446
12304	0.003502613840867742
12325	0.0019514504108796807
12340	0.0033623745679044075
12399	0.002655841787967552
12401	0.004115774370917052
12422	0.003162765456939868
12501	0.006070353012744507
12511	0.0038879212311924358
12557	0.001788285526078071
12576	0.005343141234342006
12585	0.0034879668428729436
12671	0.0058335037701750195
