t_index	tf-idf
14	0.0016253917472688073
16	0.00253685446186458
33	0.002582385488268794
44	0.004917857570133991
102	0.006458453121490934
197	0.006043143548246402
201	0.007168429526358814
210	0.0037553209618724475
221	0.0028167832055704723
277	0.0020498877447669333
288	0.004465297366740328
291	0.007168429526358814
293	0.0033159095839541287
319	0.0021906236058417176
337	0.0034698405545026934
354	0.0020025528797307677
356	0.0027879283555303507
433	0.003651067040900623
452	0.005333167143378522
469	0.0037553209618724475
513	0.005175273771608208
528	0.001204003346458685
583	0.002401473632325941
586	0.002525781062788212
618	0.005333167143378522
652	0.007168429526358814
665	0.0028770523198921425
688	0.0023082931104304845
689	0.003442524817356903
706	0.0028770523198921425
715	0.0026300349837600364
718	0.004541204638842689
750	0.0033400113886279167
763	0.0017062353153755173
768	0.0031821180168576024
773	0.00310174115465884
787	0.001878245449268497
788	0.0037925715920215796
880	0.0021593454674741774
916	0.0021985946922836526
945	0.003442524817356903
1028	0.0017779641749253853
1088	0.0032693434089641356
1089	0.006458453121490934
1107	0.0021593454674741774
1132	0.0048099389603210784
1173	0.004266427353296847
1208	0.001305878992204144
1269	0.0029918917630518704
1344	0.0040499877934957965
1438	0.005748476716623053
1447	0.0027059422558623975
1474	0.0035267596104383526
1558	0.002273271598546241
1585	0.002732548412489023
1586	0.005038500311755173
1596	0.0029918917630518704
1690	0.00324683086673246
1701	0.002924701815383385
1884	0.004917857570133991
1926	0.004917857570133991
1939	0.0019079367872591113
1942	0.0037193776445216533
1950	0.0048099389603210784
1964	0.007168429526358814
1991	0.002461742746647611
2048	0.0012958859428096757
2066	0.0020025528797307677
2075	0.003442524817356903
2095	0.0038714012040191024
2147	0.0018324599751078012
2149	0.006458453121490934
2223	0.002070863483351798
2251	0.0030638005417025784
2254	0.0026300349837600364
2259	0.0030638005417025784
2322	0.003651067040900623
2363	0.003364694015227362
2374	0.007168429526358814
2444	0.003224802502925518
2454	0.0018103125298104673
2496	0.001476684799752088
2498	0.0037193776445216533
2554	0.0030453445570045676
2565	0.0032693434089641356
2566	0.0013608870784839178
2600	0.004002338298004554
2623	0.002680009745717437
2644	0.0043285239068872935
2652	0.002411275424239049
2697	0.0028464745435610866
2709	0.0034159186607302778
2717	0.0023353681521366874
2718	0.0034159186607302778
2757	0.005175273771608208
2782	0.0038714012040191024
2790	0.0015983167055626045
2793	0.003831228233974809
2849	0.0043285239068872935
2867	0.003364694015227362
2938	0.005038500311755173
2942	0.0026179131921269913
2973	0.0021593454674741774
2987	0.0022561998793860544
3012	0.0043285239068872935
3049	0.003121251829106929
3066	0.007168429526358814
3127	0.005748476716623053
3163	0.007168429526358814
3189	0.002642301950000149
3198	0.0024211719209220866
3200	0.0018841152615413617
3226	0.0022561998793860544
3227	0.0020025528797307677
3239	0.005333167143378522
3252	0.0035564509484289665
3303	0.0018493905992283748
3335	0.003442524817356903
3352	0.0019200585788921563
3359	0.004465297366740328
3377	0.002482647134221444
3398	0.007168429526358814
3410	0.003497904760398231
3459	0.005038500311755173
3639	0.0035267596104383526
3703	0.0032032379287748815
3717	0.002892690477672834
3772	0.0037925715920215796
3783	0.005748476716623053
3795	0.0018048496931897574
3855	0.005748476716623053
3882	0.0012859894461266376
3884	0.0033400113886279167
3921	0.007168429526358814
3959	0.0014078640332822845
3960	0.005519915365188958
3966	0.00324683086673246
3973	0.0030825951871536993
4000	0.0028616493313096954
4036	0.002570811586158548
4087	0.005748476716623053
4158	0.0040499877934957965
4166	0.0018103125298104673
4172	0.0040499877934957965
4175	0.00228191535818399
4178	0.0035267596104383526
4225	0.0018158046579203318
4229	0.002353824136834698
4269	0.0018437159063843223
4292	0.005038500311755173
4324	0.00228191535818399
4339	0.006458453121490934
4359	0.004266427353296847
4380	0.0027191589481218286
4381	0.004394629387076547
4413	0.006458453121490934
4431	0.0037925715920215796
4468	0.0027879283555303507
4514	0.0032032379287748815
4516	0.003292361893136674
4536	0.0023821470318182254
4551	0.001122483570239921
4689	0.0033899861505853174
4717	0.007168429526358814
4724	0.007168429526358814
4762	0.007168429526358814
4816	0.0015983167055626045
4835	0.0022906326826178667
4906	0.001585042920165373
4907	0.004152501222224783
4927	0.001711195516054207
5005	0.004207881165266111
5048	0.0017832851190391216
5050	0.0029577459532202123
5097	0.003161424799151222
5150	0.002239408037114951
5162	0.0046231907385106425
5254	0.005333167143378522
5258	0.0027598641496348135
5269	0.001711195516054207
5324	0.001282711749126624
5365	0.0017012990193711688
5399	0.0025039870610549277
5434	0.0012600569359816772
5463	0.007168429526358814
5533	0.0027059422558623975
5544	0.002401473632325941
5601	0.003364694015227362
5673	0.0021215448886200486
5700	0.003831228233974809
5715	0.0013503455160896879
5726	0.0033400113886279167
5736	0.002482647134221444
5760	0.0037553209618724475
5769	0.007168429526358814
5775	0.005175273771608208
5786	0.001938514563590167
5789	0.006043143548246402
5806	0.007168429526358814
5813	0.005333167143378522
5828	0.002548048884092084
5839	0.0027879283555303507
5912	0.007168429526358814
5934	0.003618547502019413
5964	0.0019636515168497347
6074	0.004152501222224783
6111	0.002144057430851724
6190	0.0011741388566734816
6240	0.005175273771608208
6251	0.007168429526358814
6293	0.0009550397382438808
6336	0.0019959658509945176
6440	0.004266427353296847
6489	0.0035870287247600227
6543	0.0018550969061232167
6545	0.001322753829203523
6550	0.005519915365188958
6555	0.0017674044995604223
6618	0.0037925715920215796
6648	0.0011741388566734816
6684	0.002482647134221444
6696	0.005333167143378522
6700	0.0016532019471026704
6736	0.002892690477672834
6766	0.005333167143378522
6780	0.003831228233974809
6879	0.002247769548352332
6882	0.004266427353296847
6884	0.0032032379287748815
6885	0.004152501222224783
6890	0.0017517663417797313
6891	0.0014152863805327227
6982	0.0034159186607302778
7094	0.005333167143378522
7095	0.002892690477672834
7116	0.0019019292659999605
7134	0.0017161798540575065
7244	0.0021215448886200486
7250	0.0013895401199452266
7263	0.0017832851190391216
7337	0.0020091825432539483
7338	0.0030638005417025784
7339	0.0030638005417025784
7341	0.004541204638842689
7375	0.003913214333642762
7402	0.0023082931104304845
7420	0.001430294406372008
7491	0.002114149337080288
7541	0.006458453121490934
7625	0.0037193776445216533
7650	0.002372618782285819
7655	0.0015983167055626045
7668	0.0023082931104304845
7680	0.0016914972274580612
7719	0.0005975776154093935
7813	0.006043143548246402
7864	0.003121251829106929
7899	0.004465297366740328
7912	0.004541204638842689
7916	0.002732548412489023
7929	0.0011280960743563235
7930	0.0008111614214291029
7978	0.0031821180168576024
7991	0.0014152863805327227
7993	0.001932325545132269
8048	0.007168429526358814
8092	0.0040499877934957965
8094	0.001878245449268497
8138	0.006458453121490934
8167	0.0040499877934957965
8189	0.00324683086673246
8196	0.004712314702872434
8223	0.0043285239068872935
8268	0.0028022541756062775
8283	0.005333167143378522
8355	0.006043143548246402
8363	0.007168429526358814
8386	0.002222887042849247
8400	0.0037553209618724475
8402	0.005519915365188958
8526	0.0048099389603210784
8532	0.0015088216926771201
8534	0.002222887042849247
8656	0.0015719389533161096
8657	0.002525781062788212
8665	0.004541204638842689
8669	0.006458453121490934
8671	0.003161424799151222
8684	0.001228538158722287
8724	0.0030638005417025784
8745	0.0021985946922836526
8757	0.0007015920788842883
8813	0.002461742746647611
8824	0.004152501222224783
8835	0.0031411413751844357
8838	0.003831228233974809
8846	0.0037193776445216533
8856	0.004917857570133991
8868	0.005175273771608208
8886	0.00324683086673246
8907	0.001938514563590167
8977	0.003651067040900623
8990	0.001672170626950345
8997	0.006458453121490934
9005	0.002924701815383385
9027	0.004917857570133991
9058	0.002548048884092084
9153	0.002401473632325941
9155	0.0035267596104383526
9171	0.004002338298004554
9193	0.003224802502925518
9204	0.0026300349837600364
9210	0.004712314702872434
9230	0.006458453121490934
9244	0.006458453121490934
9252	0.002247769548352332
9304	0.0020158553970720246
9307	0.005333167143378522
9323	0.007168429526358814
9358	0.007168429526358814
9367	0.003292361893136674
9381	0.0022647001724729063
9388	0.0027191589481218286
9405	0.003618547502019413
9433	0.0037193776445216533
9449	0.002514826098057638
9459	0.0015762883417556625
9474	0.0031411413751844357
9508	0.0031821180168576024
9556	0.003364694015227362
9655	0.007168429526358814
9672	0.005748476716623053
9700	0.005175273771608208
9721	0.006458453121490934
9764	0.0006282061929525343
9765	0.00041811966948844325
9767	0.0043285239068872935
9768	0.0015294316322470708
9833	0.003497904760398231
9864	0.0028167832055704723
9898	0.002680009745717437
9941	0.005748476716623053
9958	0.0024514483942833423
9987	0.0018841152615413617
9992	0.0019261736981805516
10004	0.00253685446186458
10036	0.0021985946922836526
10040	0.002214725410515505
10077	0.0018048496931897574
10079	0.0017262218897710476
10147	0.004541204638842689
10182	0.006458453121490934
10196	0.0017779641749253853
10198	0.005333167143378522
10222	0.004152501222224783
10231	0.006458453121490934
10316	0.00324683086673246
10424	0.0017012990193711688
10425	0.0038714012040191024
10528	0.006458453121490934
10533	0.002514826098057638
10552	0.0030453445570045676
10555	0.005748476716623053
10567	0.003618547502019413
10571	0.007168429526358814
10578	0.004917857570133991
10591	0.0030638005417025784
10608	0.003027215244112372
10609	0.0027598641496348135
10656	0.0037553209618724475
10661	0.007168429526358814
10668	0.00395680727160034
10699	0.0020498877447669333
10736	0.0006386226837936856
10740	0.007168429526358814
10759	0.007168429526358814
10761	0.007168429526358814
10763	0.005333167143378522
10813	0.007168429526358814
10876	0.0018666057849394586
10917	0.0027879283555303507
10949	0.002924701815383385
10989	0.0024932615239070016
11031	0.006458453121490934
11037	0.001430294406372008
11046	0.002401473632325941
11076	0.004541204638842689
11140	0.004541204638842689
11210	0.0028616493313096954
11236	0.0048099389603210784
11241	0.0033159095839541287
11312	0.001711195516054207
11313	0.0033400113886279167
11367	0.002411275424239049
11424	0.004712314702872434
11439	0.005333167143378522
11489	0.005333167143378522
11618	0.005175273771608208
11634	0.007168429526358814
11661	0.003497904760398231
11899	0.0010948732883218776
11912	0.003651067040900623
12008	0.007168429526358814
12145	0.004207881165266111
12150	0.0030453445570045676
12162	0.002548048884092084
12166	0.002411275424239049
12216	0.0029746765773407866
12284	0.0035267596104383526
12307	0.003618547502019413
12325	0.0013715382604767568
12341	0.005333167143378522
12352	0.0016817883449230793
12357	0.006458453121490934
12361	0.0023172388392444917
12386	0.0027461152259066913
12400	0.0010840342513191675
12464	0.002773800139282267
12480	0.00208508981535631
12557	0.001256861053705814
12566	0.0015377931434844522
12635	0.004002338298004554
12644	0.0006544487753670002
12649	0.001554723767605026
