t_index	tf-idf
2	0.00228695096198344
14	0.002571515301649158
33	0.0040855651008431665
43	0.002872765578202316
81	0.004281042971961405
90	0.00273904011093102
262	0.006486507923552821
298	0.006191055512927355
303	0.004733440699753705
319	0.0034657627196898813
354	0.0031682179888277823
468	0.003491083575448434
528	0.001904841115292845
563	0.005404289224438947
750	0.005284197122306853
863	0.004160950869829311
917	0.0018344754245832632
969	0.007184592413691419
989	0.006952697239255432
1011	0.006061346161213877
1082	0.002872765578202316
1112	0.0033801313836041777
1129	0.002925901545047877
1203	0.007184592413691419
1271	0.007314301765404897
1273	0.003047379283688634
1396	0.005136777192143892
1486	0.003157796719483864
1489	0.00577631501993233
1508	0.002141907715401936
1558	0.0035965192454612176
1582	0.008733000428507904
1647	0.005579649532932319
1671	0.00418035830895546
1677	0.005626623888559261
1715	0.007609754176030363
1722	0.005579649532932319
1757	0.008733000428507904
1856	0.007314301765404897
1976	0.004141773109932255
2008	0.008437548017882438
2032	0.008733000428507904
2048	0.002050207611012323
2216	0.007609754176030363
2345	0.006952697239255432
2386	0.004653068767454789
2397	0.005246065908942353
2421	0.00438840022035702
2444	0.005101926347912014
2454	0.0028640765397001423
2465	0.008437548017882438
2505	0.0063320576057982495
2570	0.006260023444621433
2573	0.004122819656464811
2596	0.008187746564036867
2851	0.007184592413691419
2922	0.00956079427035998
2928	0.005724866197224743
2942	0.004141773109932255
2973	0.0034162779037651167
2977	0.006569628799340702
3015	0.006407443374784395
3023	0.006952697239255432
3082	0.0074553038582757915
3113	0.009094604954657368
3147	0.0048472068271712436
3167	0.003066903637918772
3200	0.0029808390704982738
3342	0.005404289224438947
3431	0.005034395668461282
3433	0.00956079427035998
3469	0.005579649532932319
3477	0.006191055512927355
3610	0.004938099908736336
3753	0.0063320576057982495
3769	0.007184592413691419
3801	0.0058843885122282875
3802	0.00956079427035998
3803	0.003709295299960745
3858	0.008733000428507904
3885	0.00956079427035998
3958	0.00567500066902332
3959	0.0022273669780286886
4006	0.0052088113533207085
4153	0.006061346161213877
4185	0.002578765881074539
4201	0.008437548017882438
4212	0.004653068767454789
4254	0.006000187891855037
4263	0.0026531138646917886
4295	0.004323136294385619
4373	0.006848112449702285
4382	0.003996011830679858
4411	0.008437548017882438
4454	0.007184592413691419
4464	0.004410752323674883
4581	0.00567500066902332
4623	0.01021785120713491
4631	0.006486507923552821
4794	0.0037993463436798466
4799	0.009094604954657368
4816	0.0025286801610393443
4859	0.0074553038582757915
4910	0.005489598489213217
4925	0.004366352236735675
4942	0.003404139256758692
5042	0.00956079427035998
5048	0.0028213167554947296
5050	0.004679418970766306
5150	0.003542944058719176
5171	0.0036803569988534232
5288	0.00418035830895546
5324	0.002029364856827196
5375	0.005724866197224743
5380	0.006657244828629966
5434	0.0019935229136426535
5465	0.002630449134422411
5476	0.008437548017882438
5495	0.002169896352396063
5499	0.0021363675329180137
5500	0.00956079427035998
5502	0.01021785120713491
5544	0.0037993463436798466
5562	0.004366352236735675
5564	0.01021785120713491
5673	0.00335647400289142
5800	0.0031269290852824093
5994	0.01021785120713491
6121	0.007971358702179826
6172	0.009094604954657368
6190	0.0018575928180207322
6209	0.007064500311559325
6230	0.00956079427035998
6333	0.0024131237534196696
6566	0.002400055119702988
6605	0.003637896007273204
6646	0.009094604954657368
6648	0.0018575928180207322
6695	0.0030966384501250233
6700	0.0026155135282519863
6707	0.006952697239255432
6715	0.01021785120713491
6742	0.00259336509511577
6778	0.005001657144925814
6833	0.00956079427035998
6929	0.007314301765404897
6943	0.006407443374784395
7028	0.005323247247971647
7053	0.008733000428507904
7207	0.0034162779037651167
7224	0.0074553038582757915
7244	0.00335647400289142
7298	0.0036660793576106885
7301	0.008187746564036867
7337	0.003178706710222665
7392	0.0037239605746937016
7458	0.009094604954657368
7483	0.005489598489213217
7493	0.008733000428507904
7507	0.006191055512927355
7508	0.009094604954657368
7612	0.004219884702602565
7665	0.002916923672787137
7680	0.0026761000912023055
7690	0.00418035830895546
7691	0.004876941639377495
7719	0.0009454213019909809
7930	0.0012833300100221628
7952	0.0023551274397921175
7978	0.005034395668461282
8037	0.01021785120713491
8204	0.01021785120713491
8253	0.004706204734300349
8387	0.001326369359793377
8439	0.006061346161213877
8469	0.004653068767454789
8478	0.004679418970766306
8494	0.006191055512927355
8501	0.005941254059081783
8528	0.009094604954657368
8550	0.00577631501993233
8558	0.00956079427035998
8623	0.0077804910811075075
8679	0.005404289224438947
8782	0.007064500311559325
8926	0.008437548017882438
8966	0.004067254151235912
8992	0.005533998576152425
9018	0.003846320699306789
9075	0.008733000428507904
9086	0.00956079427035998
9101	0.007184592413691419
9138	0.0030377046173517695
9149	0.004366352236735675
9171	0.0063320576057982495
9183	0.00345324913010933
9298	0.004344600208150885
9392	0.0036660793576106885
9393	0.005034395668461282
9519	0.006749870141036803
9569	0.004679418970766306
9629	0.006061346161213877
9693	0.005533998576152425
9701	0.0023614699206797834
9765	0.0006615027606832087
9784	0.007064500311559325
9849	0.0058843885122282875
9859	0.0028382855157586123
9945	0.006952697239255432
10094	0.00577631501993233
10123	0.0058843885122282875
10239	0.0058843885122282875
10241	0.007314301765404897
10297	0.006569628799340702
10318	0.007971358702179826
10502	0.003927770092947359
10527	0.003637896007273204
10533	0.003978680095434472
10552	0.004818007806604242
10668	0.006260023444621433
10716	0.0034657627196898813
10834	0.004551754416545778
10842	0.004527385509236234
10844	0.0038946974797708475
10876	0.002953137510501233
10882	0.007184592413691419
10922	0.0077804910811075075
10924	0.004876941639377495
10985	0.006486507923552821
11015	0.0027470823199837622
11047	0.01021785120713491
11064	0.003862286363408562
11065	0.00401353093966635
11089	0.006848112449702285
11104	0.005404289224438947
11107	0.008733000428507904
11263	0.0037536953868999526
11281	0.0074553038582757915
11304	0.005941254059081783
11338	0.0036239860351864757
11388	0.003783986022057339
11482	0.0022273669780286886
11505	0.002630449134422411
11546	0.003651926413516886
11560	0.005067809260449813
12181	0.006260023444621433
12300	0.0077804910811075075
12304	0.0038946974797708475
12313	0.004479720255368962
12317	0.00438840022035702
12322	0.006952697239255432
12325	0.002169896352396063
12356	0.0038946974797708475
12370	0.004706204734300349
12383	0.006952697239255432
12404	0.007064500311559325
12420	0.006191055512927355
12450	0.0030377046173517695
12470	0.003440831431046167
12531	0.009094604954657368
12535	0.004679418970766306
12566	0.0024329264658112227
12578	0.006952697239255432
12589	0.006749870141036803
12635	0.0063320576057982495
12644	0.0010353965699836122
12664	0.004031241518115835
12718	0.005941254059081783
