t_index	tf-idf
2	0.0019964262469431985
14	0.002244840719354965
15	0.0024193776186143524
16	0.0035036687030312115
33	0.0035665519447099954
55	0.0030928632173835152
74	0.0033166932251016256
182	0.004717750853907615
189	0.0025940588615304323
230	0.0039951164903364225
271	0.0047922227853717985
276	0.002765740785035328
277	0.002831115321762801
308	0.005186501914768462
311	0.005811536202191632
315	0.003952245330538472
326	0.005735050547958659
337	0.0047922227853717985
355	0.0033438986790585174
356	0.0038504287385826346
468	0.003047590873681369
524	0.006271891748759936
528	0.001662858042014601
530	0.004017049332873779
563	0.004717750853907615
756	0.0036493030188927142
759	0.0063851233652394545
787	0.0025940588615304323
898	0.008919817991896273
916	0.0030364956010692796
956	0.008346230828848451
1011	0.005291338016955437
1082	0.002507821416802022
1107	0.0029822882026353465
1128	0.003263803326500044
1129	0.002554207211963619
1132	0.00664304273347276
1171	0.005186501914768462
1178	0.0031396324357772193
1211	0.0032253944511594643
1221	0.005735050547958659
1245	0.002061478627824697
1273	0.002660252925174443
1396	0.00448422243483571
1465	0.003719175986598357
1478	0.007365677097043953
1486	0.0027566433902986177
1508	0.0018698086896668368
1668	0.007623596465277259
1671	0.0036493030188927142
1692	0.007623596465277259
1839	0.006792089933996131
1888	0.003519129403436624
1900	0.0031757528662841
1994	0.0035347609437681184
2045	0.004997603064678278
2110	0.0033999313504188508
2157	0.0026434117738190995
2223	0.002860085071469584
2267	0.0028698750067781354
2330	0.006958710528287276
2383	0.005237949039143811
2386	0.0040619623116543435
2496	0.0020394604400484867
2522	0.006958710528287276
2538	0.007365677097043953
2592	0.005978156796482777
2593	0.005404569633434955
2622	0.0035505671417955195
2628	0.0032128197905300243
2634	0.007939264260091774
2804	0.008346230828848451
2806	0.005978156796482777
2811	0.0030928632173835152
2842	0.004911841049296033
2861	0.0037371971221031165
2894	0.004870834119953947
2938	0.006958710528287276
2979	0.0033166932251016256
3090	0.0011785249721682214
3168	0.004283837946499505
3179	0.0023294191005812526
3188	0.004424015901630456
3193	0.003719175986598357
3302	0.00559346848352514
3303	0.002554207211963619
3361	0.00664304273347276
3420	0.0017897577842061973
3422	0.004870834119953947
3575	0.005291338016955437
3604	0.0034883751486065213
3639	0.004870834119953947
3649	0.004231437881699979
3674	0.008346230828848451
3681	0.003200355921301839
3717	0.0039951164903364225
3794	0.0025463698511627125
3959	0.001944411563881722
4033	0.008919817991896273
4043	0.007365677097043953
4059	0.005186501914768462
4107	0.004515314675572617
4212	0.0040619623116543435
4307	0.0032128197905300243
4309	0.003263803326500044
4335	0.0036838081442914904
4378	0.0047922227853717985
4380	0.0037554507948001806
4391	0.0024122509536365815
4528	0.0022962878437303136
4551	0.001550270468344386
4669	0.005735050547958659
4685	0.0046819352698637615
4693	0.0038309161532758353
4768	0.00546477616664021
4835	0.003163609959055295
4906	0.0021891146519547825
4927	0.002363344947254019
5140	0.005735050547958659
5156	0.006069455570424938
5171	0.0032128197905300243
5173	0.008346230828848451
5228	0.005735050547958659
5265	0.005346821206853745
5312	0.005136860329893098
5317	0.0026945489080527018
5399	0.003458275289535145
5424	0.00559346848352514
5427	0.005291338016955437
5434	0.0017402740744502645
5465	0.0022962878437303136
5489	0.003910635271787889
5495	0.001894241766912524
5511	0.004156306598088599
5550	0.005346821206853745
5638	0.0030814085798498442
5773	0.006958710528287276
5786	0.002677296986847658
5808	0.007623596465277259
5825	0.0030814085798498442
5842	0.003792680312001424
5891	0.003127794375011441
5943	0.005404569633434955
5944	0.0063851233652394545
6005	0.004231437881699979
6017	0.004612914751720641
6037	0.007623596465277259
6120	0.005978156796482777
6131	0.004612914751720641
6149	0.005291338016955437
6162	0.005404569633434955
6190	0.0016216119714317794
6191	0.003357700154443712
6243	0.004612914751720641
6252	0.005735050547958659
6287	0.005042516043458842
6293	0.0013190125375094643
6294	0.00559346848352514
6315	0.007939264260091774
6491	0.0036493030188927142
6493	0.004911841049296033
6543	0.0025620882351669186
6561	0.0030814085798498442
6611	0.003303284214695006
6636	0.0029716915987339724
6689	0.0063851233652394545
6708	0.004366267475049246
6765	0.0029929647816621737
6777	0.008346230828848451
6891	0.001954662623276464
6918	0.0035665519447099954
6987	0.0036156195226770176
7063	0.004911841049296033
7064	0.004717750853907615
7143	0.0022897536981355297
7169	0.006958710528287276
7173	0.004547105676514495
7194	0.004579627568718406
7244	0.0029300815399833898
7298	0.003200355921301839
7340	0.008346230828848451
7401	0.002356494376935568
7402	0.0031880009082166953
7466	0.006792089933996131
7468	0.004017049332873779
7474	0.005735050547958659
7545	0.009900371723700773
7547	0.004310784285150938
7554	0.00559346848352514
7666	0.0039735185134666725
7689	0.0040393275886728185
7690	0.0036493030188927142
7692	0.007623596465277259
7713	0.0036838081442914904
7721	0.00559346848352514
7833	0.005892394781100532
7903	0.004084965095001206
7928	0.0030364956010692796
7929	0.001558021939827626
7952	0.0020559418692647803
7991	0.001954662623276464
8076	0.006958710528287276
8258	0.004424015901630456
8267	0.005978156796482777
8285	0.00664304273347276
8313	0.004231437881699979
8315	0.005662489001668261
8346	0.00559346848352514
8373	0.007939264260091774
8387	0.0011578729264645768
8478	0.004084965095001206
8597	0.0023227304828905074
8760	0.003116054556546212
8797	0.0028896605042119895
8847	0.00448422243483571
8912	0.008919817991896273
9090	0.005735050547958659
9091	0.007365677097043953
9102	0.006167055646572961
9153	0.0033166932251016256
9183	0.003014562758531923
9349	0.0063851233652394545
9373	0.0014210740930161397
9400	0.0033999313504188508
9485	0.004754496816154159
9530	0.002398104435686151
9534	0.0063851233652394545
9555	0.00546477616664021
9575	0.005892394781100532
9577	0.005735050547958659
9578	0.004231437881699979
9601	0.005978156796482777
9614	0.005237949039143811
9632	0.004156306598088599
9661	0.004017049332873779
9701	0.002061478627824697
9729	0.0071476093783774605
9764	0.0008676202795175067
9765	0.0005774682080231269
9811	0.0038309161532758353
9870	0.0033716376071449335
9970	0.002879733165182656
9999	0.001722700680682492
10048	0.003458275289535145
10050	0.004205948182963964
10077	0.0024926914329396
10085	0.0021710166651662233
10092	0.0028896605042119895
10104	0.006069455570424938
10205	0.008919817991896273
10234	0.0037554507948001806
10235	0.005811536202191632
10242	0.003047590873681369
10325	0.0071476093783774605
10359	0.006958710528287276
10418	0.005291338016955437
10473	0.0063851233652394545
10527	0.0031757528662841
10558	0.0030814085798498442
10559	0.004870834119953947
10562	0.005735050547958659
10570	0.005662489001668261
10608	0.004180909653106338
10628	0.00546477616664021
10643	0.004132124128775221
10656	0.005186501914768462
10736	0.0008820065730570772
10739	0.003330230553346439
10743	0.003116054556546212
10811	0.007939264260091774
10827	0.006271891748759936
10842	0.003952245330538472
10844	0.0033999313504188508
10845	0.00448422243483571
11059	0.004911841049296033
11061	0.004084965095001206
11064	0.0033716376071449335
11071	0.0028896605042119895
11166	0.0030364956010692796
11228	0.006167055646572961
11259	0.0038504287385826346
11260	0.0026350657908725188
11264	0.0071476093783774605
11323	0.0034142933012496495
11367	0.003330230553346439
11369	0.0022260203973388094
11453	0.004132124128775221
11482	0.001944411563881722
11579	0.005237949039143811
11667	0.005291338016955437
11713	0.004017049332873779
11720	0.006167055646572961
11899	0.0015121377011351014
12067	0.007365677097043953
12080	0.00559346848352514
12111	0.0044537988965485985
12313	0.003910635271787889
12325	0.001894241766912524
12386	0.003792680312001424
12399	0.002577983233922901
12400	0.0014971678259261467
12401	0.0039951164903364225
12535	0.004084965095001206
12546	0.006167055646572961
12555	0.0035036687030312115
12612	0.004084965095001206
12644	0.000903864106695792
