t_index	tf-idf
0	0.004486089337866646
14	0.002230311005961082
55	0.0030728446852321656
101	0.0036774243760006264
116	0.0037130081439665265
176	0.005204046456366181
177	0.004486089337866646
188	0.002577268836536708
276	0.00274783955018073
314	0.008862084542110538
318	0.003016841907858475
330	0.006748128186850525
354	0.00274783955018073
384	0.004922007052745145
392	0.0028610941155698235
513	0.007101346534504467
528	0.0016520952067912054
583	0.003295225955036243
617	0.005204046456366181
708	0.005557264804020123
747	0.003991049013567152
750	0.004583057698311446
761	0.009836291647819215
763	0.0023412419861463412
903	0.006600045693126658
917	0.001591066064039853
954	0.006913670330693183
971	0.006343795705917516
1084	0.005491881677520812
1129	0.0025376751264492912
1202	0.00788787743640186
1240	0.0038255068697244945
1273	0.0026430344596393334
1310	0.00612713942879579
1333	0.00788787743640186
1352	0.005055963962642313
1465	0.00369510365011552
1488	0.0027845863167733588
1585	0.003749516268269728
1632	0.006600045693126658
1650	0.003242678385875448
1677	0.004880049197844278
1779	0.007574252798835336
1787	0.007101346534504467
1788	0.006030171068350991
1799	0.005854256303552956
1800	0.009836291647819215
1804	0.00788787743640186
1834	0.003217123431681164
1909	0.007101346534504467
2092	0.00829220991733487
2103	0.004922007052745145
2119	0.0043380068441427775
2223	0.0028415731939843442
2259	0.00420404993424561
2261	0.0033779253222608
2268	0.006748128186850525
2284	0.002439666052324801
2408	0.005697930479687082
2496	0.0020262600488507618
2521	0.006030171068350991
2601	0.005625838587417981
2622	0.0035275861246965193
2652	0.003308675663033517
2853	0.009836291647819215
2905	0.002439666052324801
2928	0.004965256119275829
3082	0.006466088783229489
3090	0.0011708969788208543
3134	0.005103612042968224
3150	0.004517674571812135
3216	0.004229839350657504
3223	0.0028610941155698235
3226	0.003095885918639764
3248	0.00500987839916461
3342	0.004687215249675204
3365	0.003308675663033517
3420	0.0017781735914281635
3421	0.003016841907858475
3463	0.003768132219367111
3478	0.005312213949851455
3488	0.007574252798835336
3492	0.006231296980159548
3533	0.006913670330693183
3661	0.004455198341406353
3695	0.006913670330693183
3723	0.004282882768742194
3786	0.009836291647819215
3787	0.005773921081141848
3857	0.009836291647819215
3874	0.009836291647819215
3899	0.007101346534504467
3959	0.0019318263757659826
3967	0.00829220991733487
3969	0.005103612042968224
4054	0.00442497171922466
4090	0.009836291647819215
4106	0.003592217454569076
4128	0.004651631481709303
4129	0.008862084542110538
4166	0.0024840534389632307
4225	0.0024915895629715884
4241	0.0031673665981311505
4269	0.0025298884929027595
4295	0.003749516268269728
4299	0.005103612042968224
4372	0.00436640142118972
4378	0.004761205162165509
4379	0.008862084542110538
4391	0.0023966376788557625
4401	0.004105378988783149
4406	0.0038061205794682248
4431	0.005204046456366181
4454	0.006231296980159548
4509	0.00788787743640186
4517	0.004486089337866646
4528	0.00228142513924015
4536	0.003268706606766756
4551	0.0015402363552806683
4560	0.00829220991733487
4597	0.004153848749202737
4599	0.004395381494500162
4662	0.009836291647819215
4697	0.004761205162165509
4707	0.00829220991733487
4756	0.004153848749202737
4794	0.003295225955036243
4874	0.005103612042968224
4884	0.007574252798835336
4917	0.006030171068350991
4927	0.002348048216203831
4942	0.0029524573489039794
4951	0.006030171068350991
4970	0.003947799947036468
4989	0.00829220991733487
4998	0.003406609659902564
5043	0.003308675663033517
5127	0.007101346534504467
5171	0.0031920248404295063
5194	0.0028415731939843442
5195	0.0047997139754331715
5226	0.00612713942879579
5258	0.003786998056456832
5269	0.002348048216203831
5297	0.005103612042968224
5300	0.003969258131175668
5317	0.002677108462045888
5356	0.009836291647819215
5370	0.006466088783229489
5387	0.004651631481709303
5487	0.006030171068350991
5538	0.00829220991733487
5680	0.005773921081141848
6060	0.004517674571812135
6190	0.0016111161010665253
6261	0.004013183073535778
6284	0.00612713942879579
6298	0.0031673665981311505
6333	0.0020929358120274156
6520	0.006466088783229489
6543	0.0025455051397936697
6566	0.002081601204143692
6602	0.00788787743640186
6605	0.0031551978315508696
6611	0.003281903734340993
6648	0.0016111161010665253
6664	0.00461692641571651
6666	0.002720896544406843
6695	0.0026857576201731593
6700	0.0022684712801667715
6736	0.003969258131175668
6742	0.0022492616358932896
6744	0.007101346534504467
6764	0.0027939251136584334
6884	0.004395381494500162
6890	0.0024037182165521235
6891	0.0019420110852617297
6906	0.009836291647819215
7014	0.004651631481709303
7040	0.0038651005798119105
7064	0.004687215249675204
7104	0.006600045693126658
7298	0.00317964164349406
7347	0.004965256119275829
7385	0.009836291647819215
7405	0.004965256119275829
7559	0.009836291647819215
7713	0.0036599647258818368
7965	0.005939463224984507
7991	0.0019420110852617297
7997	0.003768132219367111
8274	0.00461692641571651
8296	0.0028908934741032335
8307	0.005854256303552956
8390	0.003406609659902564
8416	0.00829220991733487
8527	0.0029842809822665786
8546	0.004229839350657504
8587	0.0024691013430514336
8590	0.007318002811626192
8654	0.0032045181116697593
8657	0.0034657966686802654
8677	0.009836291647819215
8684	0.0016857610980525882
8716	0.005697930479687082
8762	0.003786998056456832
8806	0.006343795705917516
8827	0.006030171068350991
8849	0.00788787743640186
8925	0.006343795705917516
8929	0.004395381494500162
8993	0.00829220991733487
8994	0.003749516268269728
9005	0.004013183073535778
9018	0.0033359674673599338
9024	0.005103612042968224
9066	0.003038975967827101
9138	0.0026346434868940918
9153	0.003295225955036243
9207	0.004395381494500162
9225	0.009836291647819215
9272	0.007574252798835336
9308	0.006600045693126658
9404	0.007574252798835336
9437	0.008862084542110538
9457	0.005312213949851455
9459	0.00216293287024078
9515	0.009836291647819215
9591	0.005939463224984507
9595	0.005312213949851455
9701	0.0020481357240847314
9765	0.0005737305497187701
9924	0.008862084542110538
9972	0.005625838587417981
9987	0.002585323206775202
10003	0.00405852519147369
10022	0.005055963962642313
10028	0.00612713942879579
10030	0.005055963962642313
10077	0.002476557507807305
10085	0.0021569647773657945
10094	0.00500987839916461
10136	0.005204046456366181
10212	0.005854256303552956
10224	0.003406609659902564
10234	0.0037311436699147427
10246	0.005625838587417981
10327	0.004282882768742194
10340	0.00442497171922466
10343	0.0036427193100078336
10370	0.004129404937259547
10389	0.009836291647819215
10396	0.007318002811626192
10420	0.00788787743640186
10423	0.00788787743640186
10436	0.0047997139754331715
10513	0.009836291647819215
10601	0.00420404993424561
10628	0.00542940544711503
10646	0.00612713942879579
10716	0.003005904235847535
10730	0.0027032172702919494
10755	0.00788787743640186
10770	0.007574252798835336
10804	0.009836291647819215
10807	0.008862084542110538
10823	0.00788787743640186
10834	0.003947799947036468
10903	0.006600045693126658
10906	0.003421174388791485
10917	0.0038255068697244945
10931	0.004651631481709303
11038	0.005697930479687082
11056	0.004282882768742194
11064	0.0033498147100113097
11134	0.009836291647819215
11160	0.008862084542110538
11166	0.003016841907858475
11232	0.0031193111902382085
11287	0.004687215249675204
11367	0.003308675663033517
11369	0.002211612498326908
11416	0.00226203884898388
11534	0.004922007052745145
11541	0.004310174573068611
11630	0.006231296980159548
11671	0.0020208439197583147
11703	0.002522144761136124
11803	0.009836291647819215
11811	0.007574252798835336
11860	0.006748128186850525
11869	0.00829220991733487
11875	0.006343795705917516
12032	0.0020262600488507618
12131	0.0047997139754331715
12168	0.0028908934741032335
12304	0.0033779253222608
12325	0.0018819813024017634
12353	0.00420404993424561
12356	0.0033779253222608
12386	0.003768132219367111
12442	0.007574252798835336
12472	0.005625838587417981
12480	0.0028610941155698235
12487	0.0027660928425842666
12495	0.003575778860623202
12537	0.00259342400015321
12617	0.009836291647819215
12644	0.0008980138535780198
